
########## harmonic sweep :: nvm_100Mb ##########
   n       R  feas  bind    BW/SA   cap[bit]      N_SA  L_dsn  fits     BW_raw  pdens/Pmax  BW_thermal
------------------------------------------------------------------------------------------------------
   1  461.67     y    SA  0.00361    6.2e+07   6.2e+07   1.00     y   2.80e+13    9.68e+00    2.89e+12
   2  456.34     y    SA  0.00542    9.3e+07   6.2e+07   2.00     y   4.20e+13    1.45e+01    2.89e+12
   3  451.14     y    SA  0.00722   1.24e+08   6.2e+07   3.00     y   5.60e+13    1.94e+01    2.89e+12
   4  451.14     y    SA  0.00903   1.55e+08   6.2e+07   3.01     y   7.00e+13    2.42e+01    2.89e+12
   5  446.05     y    SA   0.0108   1.86e+08   6.2e+07   4.01     y   8.40e+13    2.91e+01    2.89e+12
   6  446.05     y    SA   0.0126   2.17e+08   6.2e+07   4.01     y   9.79e+13    3.39e+01    2.89e+12
   7  446.05     y    SA   0.0144   2.48e+08   6.2e+07   4.01     y   1.12e+14    3.87e+01    2.89e+12
   8  446.05     y    SA   0.0162   2.79e+08   6.2e+07   4.01     y   1.26e+14    4.36e+01    2.89e+12
   9  441.08     y    SA   0.0181    3.1e+08   6.2e+07   5.01     y   1.40e+14    4.84e+01    2.89e+12
  10  441.08     y    SA   0.0199   3.41e+08   6.2e+07   5.01     y   1.54e+14    5.33e+01    2.89e+12
  11  441.08     y    SA   0.0217   3.72e+08   6.2e+07   5.01     y   1.68e+14    5.81e+01    2.89e+12
  12  441.08     y    SA   0.0235   4.03e+08   6.2e+07   5.02     y   1.82e+14    6.29e+01    2.89e+12
  13  441.08     y    SA   0.0253   4.34e+08   6.2e+07   5.02     y   1.96e+14    6.78e+01    2.89e+12
  14  441.08     y    SA   0.0271   4.65e+08   6.2e+07   5.02     y   2.10e+14    7.26e+01    2.89e+12
  15  441.08     y    SA   0.0289   4.96e+08   6.2e+07   5.02     y   2.24e+14    7.75e+01    2.89e+12
  16  441.08     y    SA   0.0307   5.27e+08   6.2e+07   5.02     y   2.38e+14    8.23e+01    2.89e+12
  17  436.22     y    SA   0.0325   5.58e+08   6.2e+07   6.02     y   2.52e+14    8.72e+01    2.89e+12
  18  436.22     y    SA   0.0343   5.89e+08   6.2e+07   6.02     y   2.66e+14    9.20e+01    2.89e+12
  19  436.22     y    SA   0.0361    6.2e+08   6.2e+07   6.02     y   2.80e+14    9.68e+01    2.89e+12
  20  436.22     y    SA   0.0379   6.51e+08   6.2e+07   6.02     y   2.94e+14    1.02e+02    2.89e+12
  21  436.22     y    SA   0.0397   6.82e+08   6.2e+07   6.03     y   3.08e+14    1.07e+02    2.89e+12
  22  436.22     y    SA   0.0415   7.13e+08   6.2e+07   6.03     y   3.22e+14    1.11e+02    2.89e+12
  23  436.22     y    SA   0.0433   7.44e+08   6.2e+07   6.03     y   3.36e+14    1.16e+02    2.89e+12
  24  436.22     y    SA   0.0451   7.75e+08   6.2e+07   6.03     y   3.50e+14    1.21e+02    2.89e+12
  25  436.22     y    SA   0.0469   8.06e+08   6.2e+07   6.03     y   3.64e+14    1.26e+02    2.89e+12
  26  436.22     y    SA   0.0487   8.37e+08   6.2e+07   6.03     y   3.78e+14    1.31e+02    2.89e+12
  27  436.22     y    SA   0.0505   8.68e+08   6.2e+07   6.03     y   3.92e+14    1.36e+02    2.89e+12
  28  436.22     y    SA   0.0523   8.99e+08   6.2e+07   6.03     y   4.06e+14    1.40e+02    2.89e+12
  29  436.22     y    SA   0.0542    9.3e+08   6.2e+07   6.03     y   4.20e+14    1.45e+02    2.89e+12
  30  436.22     y    SA    0.056   9.61e+08   6.2e+07   6.04     y   4.34e+14    1.50e+02    2.89e+12
  31  436.22     y    SA   0.0578   9.92e+08   6.2e+07   6.04     y   4.48e+14    1.55e+02    2.89e+12
  32  436.22     y    SA   0.0596   1.02e+09   6.2e+07   6.04     y   4.62e+14    1.60e+02    2.89e+12
  33  431.46     y    SA   0.0614   1.05e+09   6.2e+07   7.04     y   4.76e+14    1.65e+02    2.89e+12
  34  431.46     y    SA   0.0632   1.09e+09   6.2e+07   7.04     y   4.90e+14    1.69e+02    2.89e+12
  35  431.46     y    SA    0.065   1.12e+09   6.2e+07   7.04     y   5.04e+14    1.74e+02    2.89e+12
  36  431.46     y    SA   0.0668   1.15e+09   6.2e+07   7.04     y   5.18e+14    1.79e+02    2.89e+12
  37  431.46     y    SA   0.0686   1.18e+09   6.2e+07   7.04     y   5.32e+14    1.84e+02    2.89e+12
  38  431.46     y    SA   0.0704   1.21e+09   6.2e+07   7.05     y   5.46e+14    1.89e+02    2.89e+12
  39  431.46     y    SA   0.0722   1.24e+09   6.2e+07   7.05     y   5.60e+14    1.94e+02    2.89e+12
  40  431.46     y    SA    0.074   1.27e+09   6.2e+07   7.05     y   5.74e+14    1.99e+02    2.89e+12
  41  431.46     y    SA   0.0758    1.3e+09   6.2e+07   7.05     y   5.88e+14    2.03e+02    2.89e+12
  42  431.46     y    SA   0.0776   1.33e+09   6.2e+07   7.05     y   6.02e+14    2.08e+02    2.89e+12
  43  431.46     y    SA   0.0794   1.36e+09   6.2e+07   7.05     y   6.16e+14    2.13e+02    2.89e+12
  44  431.46     y    SA   0.0812    1.4e+09   6.2e+07   7.05     y   6.30e+14    2.18e+02    2.89e+12
  45  431.46     y    SA    0.083   1.43e+09   6.2e+07   7.05     y   6.44e+14    2.23e+02    2.89e+12
  46  431.46     y    SA   0.0848   1.46e+09   6.2e+07   7.05     y   6.58e+14    2.28e+02    2.89e+12
  47  431.46     y    SA   0.0866   1.49e+09   6.2e+07   7.06     y   6.72e+14    2.32e+02    2.89e+12
  48  431.46     y    SA   0.0884   1.52e+09   6.2e+07   7.06     y   6.86e+14    2.37e+02    2.89e+12
  49  431.46     y    SA   0.0903   1.55e+09   6.2e+07   7.06     y   7.00e+14    2.42e+02    2.89e+12
  50  431.46     y    SA   0.0921   1.58e+09   6.2e+07   7.06     y   7.14e+14    2.47e+02    2.89e+12
  51  431.46     y    SA   0.0939   1.61e+09   6.2e+07   7.06     y   7.28e+14    2.52e+02    2.89e+12
  52  431.46     y    SA   0.0957   1.64e+09   6.2e+07   7.06     y   7.42e+14    2.57e+02    2.89e+12
  53  431.46     y    SA   0.0975   1.67e+09   6.2e+07   7.06     y   7.56e+14    2.61e+02    2.89e+12
  54  431.46     y    SA   0.0993   1.71e+09   6.2e+07   7.06     y   7.70e+14    2.66e+02    2.89e+12
  55  431.46     y    SA    0.101   1.74e+09   6.2e+07   7.07     y   7.84e+14    2.71e+02    2.89e+12
  56  431.46     y    SA    0.103   1.77e+09   6.2e+07   7.07     y   7.98e+14    2.76e+02    2.89e+12
  57  431.46     y    SA    0.105    1.8e+09   6.2e+07   7.07     y   8.12e+14    2.81e+02    2.89e+12
  58  431.46     y    SA    0.106   1.83e+09   6.2e+07   7.07     y   8.26e+14    2.86e+02    2.89e+12
  59  431.46     y    SA    0.108   1.86e+09   6.2e+07   7.07     y   8.40e+14    2.91e+02    2.89e+12
  60  431.46     y    SA     0.11   1.89e+09   6.2e+07   7.07     y   8.54e+14    2.95e+02    2.89e+12
  61  431.46     y    SA    0.112   1.92e+09   6.2e+07   7.07     y   8.68e+14    3.00e+02    2.89e+12
  62  431.46     y    SA    0.114   1.95e+09   6.2e+07   7.07     y   8.82e+14    3.05e+02    2.89e+12
  63  431.46     y    SA    0.116   1.98e+09   6.2e+07   7.07     y   8.96e+14    3.10e+02    2.89e+12
  64  431.46     y    SA    0.117   2.02e+09   6.2e+07   7.08     y   9.10e+14    3.15e+02    2.89e+12
  65  426.81     y    SA    0.119   2.05e+09   6.2e+07   8.08     y   9.24e+14    3.20e+02    2.89e+12
  66  426.81     y    SA    0.121   2.08e+09   6.2e+07   8.08     y   9.38e+14    3.24e+02    2.89e+12
  67  426.81     y    SA    0.123   2.11e+09   6.2e+07   8.08     y   9.52e+14    3.29e+02    2.89e+12
  68  426.81     y    SA    0.125   2.14e+09   6.2e+07   8.08     y   9.65e+14    3.34e+02    2.89e+12
  69  426.81     y    SA    0.126   2.17e+09   6.2e+07   8.08     y   9.79e+14    3.39e+02    2.89e+12
  70  426.81     y    SA    0.128    2.2e+09   6.2e+07   8.08     y   9.93e+14    3.44e+02    2.89e+12
  71  426.81     y    SA     0.13   2.23e+09   6.2e+07   8.08     y   1.01e+15    3.49e+02    2.89e+12
  72  426.81     y    SA    0.132   2.26e+09   6.2e+07   8.08     y   1.02e+15    3.53e+02    2.89e+12
  73  426.81     y    SA    0.134   2.29e+09   6.2e+07   8.09     y   1.04e+15    3.58e+02    2.89e+12
  74  426.81     y    SA    0.135   2.33e+09   6.2e+07   8.09     y   1.05e+15    3.63e+02    2.89e+12
  75  426.81     y    SA    0.137   2.36e+09   6.2e+07   8.09     y   1.06e+15    3.68e+02    2.89e+12
  76  426.81     y    SA    0.139   2.39e+09   6.2e+07   8.09     y   1.08e+15    3.73e+02    2.89e+12
  77  426.81     y    SA    0.141   2.42e+09   6.2e+07   8.09     y   1.09e+15    3.78e+02    2.89e+12
  78  426.81     y    SA    0.143   2.45e+09   6.2e+07   8.09     y   1.11e+15    3.83e+02    2.89e+12
  79  426.81     y    SA    0.144   2.48e+09   6.2e+07   8.09     y   1.12e+15    3.87e+02    2.89e+12
  80  426.81     y    SA    0.146   2.51e+09   6.2e+07   8.09     y   1.13e+15    3.92e+02    2.89e+12
  81  426.81     y    SA    0.148   2.54e+09   6.2e+07   8.10     y   1.15e+15    3.97e+02    2.89e+12
  82  426.81     y    SA     0.15   2.57e+09   6.2e+07   8.10     y   1.16e+15    4.02e+02    2.89e+12
  83  426.81     y    SA    0.152    2.6e+09   6.2e+07   8.10     y   1.18e+15    4.07e+02    2.89e+12
  84  426.81     y    SA    0.153   2.64e+09   6.2e+07   8.10     y   1.19e+15    4.12e+02    2.89e+12
  85  426.81     y    SA    0.155   2.67e+09   6.2e+07   8.10     y   1.20e+15    4.16e+02    2.89e+12
  86  426.81     y    SA    0.157    2.7e+09   6.2e+07   8.10     y   1.22e+15    4.21e+02    2.89e+12
  87  426.81     y    SA    0.159   2.73e+09   6.2e+07   8.10     y   1.23e+15    4.26e+02    2.89e+12
  88  426.81     y    SA    0.161   2.76e+09   6.2e+07   8.10     y   1.25e+15    4.31e+02    2.89e+12
  89  426.81     y    SA    0.162   2.79e+09   6.2e+07   8.10     y   1.26e+15    4.36e+02    2.89e+12
  90  426.81     y    SA    0.164   2.82e+09   6.2e+07   8.11     y   1.27e+15    4.41e+02    2.89e+12
  91  426.81     y    SA    0.166   2.85e+09   6.2e+07   8.11     y   1.29e+15    4.45e+02    2.89e+12
  92  426.81     y    SA    0.168   2.88e+09   6.2e+07   8.11     y   1.30e+15    4.50e+02    2.89e+12
  93  426.81     y    SA     0.17   2.91e+09   6.2e+07   8.11     y   1.32e+15    4.55e+02    2.89e+12
  94  426.81     y    SA    0.171   2.95e+09   6.2e+07   8.11     y   1.33e+15    4.60e+02    2.89e+12
  95  426.81     y    SA    0.173   2.98e+09   6.2e+07   8.11     y   1.34e+15    4.65e+02    2.89e+12
  96  426.81     y    SA    0.175   3.01e+09   6.2e+07   8.11     y   1.36e+15    4.70e+02    2.89e+12
  97  426.81     y    SA    0.177   3.04e+09   6.2e+07   8.11     y   1.37e+15    4.74e+02    2.89e+12
  98  426.81     y    SA    0.179   3.07e+09   6.2e+07   8.12     y   1.39e+15    4.79e+02    2.89e+12
  99  426.81     y    SA    0.181    3.1e+09   6.2e+07   8.12     y   1.40e+15    4.84e+02    2.89e+12
 100  426.81     y    SA    0.182   3.13e+09   6.2e+07   8.12     y   1.41e+15    4.89e+02    2.89e+12
 101  426.81     y    SA    0.184   3.16e+09   6.2e+07   8.12     y   1.43e+15    4.94e+02    2.89e+12
 102  426.81     y    SA    0.186   3.19e+09   6.2e+07   8.12     y   1.44e+15    4.99e+02    2.89e+12
 103  426.81     y    SA    0.188   3.22e+09   6.2e+07   8.12     y   1.46e+15    5.04e+02    2.89e+12
 104  426.81     y    SA     0.19   3.26e+09   6.2e+07   8.12     y   1.47e+15    5.08e+02    2.89e+12
 105  426.81     y    SA    0.191   3.29e+09   6.2e+07   8.12     y   1.48e+15    5.13e+02    2.89e+12
 106  426.81     y    SA    0.193   3.32e+09   6.2e+07   8.12     y   1.50e+15    5.18e+02    2.89e+12
 107  426.81     y    SA    0.195   3.35e+09   6.2e+07   8.13     y   1.51e+15    5.23e+02    2.89e+12
 108  426.81     y    SA    0.197   3.38e+09   6.2e+07   8.13     y   1.53e+15    5.28e+02    2.89e+12
 109  426.81     y    SA    0.199   3.41e+09   6.2e+07   8.13     y   1.54e+15    5.33e+02    2.89e+12
 110  426.81     y    SA      0.2   3.44e+09   6.2e+07   8.13     y   1.55e+15    5.37e+02    2.89e+12
 111  426.81     y    SA    0.202   3.47e+09   6.2e+07   8.13     y   1.57e+15    5.42e+02    2.89e+12
 112  426.81     y    SA    0.204    3.5e+09   6.2e+07   8.13     y   1.58e+15    5.47e+02    2.89e+12
 113  426.81     y    SA    0.206   3.53e+09   6.2e+07   8.13     y   1.60e+15    5.52e+02    2.89e+12
 114  426.81     y    SA    0.208   3.57e+09   6.2e+07   8.13     y   1.61e+15    5.57e+02    2.89e+12
 115  426.81     y    SA    0.209    3.6e+09   6.2e+07   8.13     y   1.62e+15    5.62e+02    2.89e+12
 116  426.81     y    SA    0.211   3.63e+09   6.2e+07   8.14     y   1.64e+15    5.66e+02    2.89e+12
 117  426.81     y    SA    0.213   3.66e+09   6.2e+07   8.14     y   1.65e+15    5.71e+02    2.89e+12
 118  426.81     y    SA    0.215   3.69e+09   6.2e+07   8.14     y   1.67e+15    5.76e+02    2.89e+12
 119  426.81     y    SA    0.217   3.72e+09   6.2e+07   8.14     y   1.68e+15    5.81e+02    2.89e+12
 120  426.81     y    SA    0.218   3.75e+09   6.2e+07   8.14     y   1.69e+15    5.86e+02    2.89e+12
 121  426.81     y    SA     0.22   3.78e+09   6.2e+07   8.14     y   1.71e+15    5.91e+02    2.89e+12
 122  426.81     y    SA    0.222   3.81e+09   6.2e+07   8.14     y   1.72e+15    5.96e+02    2.89e+12
 123  426.81     y    SA    0.224   3.84e+09   6.2e+07   8.14     y   1.74e+15    6.00e+02    2.89e+12
 124  426.81     y    SA    0.226   3.88e+09   6.2e+07   8.15     y   1.75e+15    6.05e+02    2.89e+12
 125  426.81     y    SA    0.227   3.91e+09   6.2e+07   8.15     y   1.76e+15    6.10e+02    2.89e+12
 126  426.81     y    SA    0.229   3.94e+09   6.2e+07   8.15     y   1.78e+15    6.15e+02    2.89e+12
 127  426.81     y    SA    0.231   3.97e+09   6.2e+07   8.15     y   1.79e+15    6.20e+02    2.89e+12
 128  426.81     y    SA    0.233      4e+09   6.2e+07   8.15     y   1.81e+15    6.25e+02    2.89e+12
 129  422.26     y    SA    0.235   4.03e+09   6.2e+07   9.15     y   1.82e+15    6.29e+02    2.89e+12
 130  422.26     y    SA    0.236   4.06e+09   6.2e+07   9.15     y   1.83e+15    6.34e+02    2.89e+12
 131  422.26     y    SA    0.238   4.09e+09   6.2e+07   9.15     y   1.85e+15    6.39e+02    2.89e+12
 132  422.26     y    SA     0.24   4.12e+09   6.2e+07   9.15     y   1.86e+15    6.44e+02    2.89e+12
 133  422.26     y    SA    0.242   4.16e+09   6.2e+07   9.16     y   1.88e+15    6.49e+02    2.89e+12
 134  422.26     y    SA    0.244   4.19e+09   6.2e+07   9.16     y   1.89e+15    6.54e+02    2.89e+12
 135  422.26     y    SA    0.245   4.22e+09   6.2e+07   9.16     y   1.90e+15    6.58e+02    2.89e+12
 136  422.26     y    SA    0.247   4.25e+09   6.2e+07   9.16     y   1.92e+15    6.63e+02    2.89e+12
 137  422.26     y    SA    0.249   4.28e+09   6.2e+07   9.16     y   1.93e+15    6.68e+02    2.89e+12
 138  422.26     y    SA    0.251   4.31e+09   6.2e+07   9.16     y   1.94e+15    6.73e+02    2.89e+12
 139  422.26     y    SA    0.253   4.34e+09   6.2e+07   9.16     y   1.96e+15    6.78e+02    2.89e+12
 140  422.26     y    SA    0.255   4.37e+09   6.2e+07   9.16     y   1.97e+15    6.83e+02    2.89e+12
 141  422.26     y    SA    0.256    4.4e+09   6.2e+07   9.17     y   1.99e+15    6.88e+02    2.89e+12
 142  422.26     y    SA    0.258   4.43e+09   6.2e+07   9.17     y   2.00e+15    6.92e+02    2.89e+12
 143  422.26     y    SA     0.26   4.47e+09   6.2e+07   9.17     y   2.01e+15    6.97e+02    2.89e+12
 144  422.26     y    SA    0.262    4.5e+09   6.2e+07   9.17     y   2.03e+15    7.02e+02    2.89e+12
 145  422.26     y    SA    0.264   4.53e+09   6.2e+07   9.17     y   2.04e+15    7.07e+02    2.89e+12
 146  422.26     y    SA    0.265   4.56e+09   6.2e+07   9.17     y   2.06e+15    7.12e+02    2.89e+12
 147  422.26     y    SA    0.267   4.59e+09   6.2e+07   9.17     y   2.07e+15    7.17e+02    2.89e+12
 148  422.26     y    SA    0.269   4.62e+09   6.2e+07   9.17     y   2.08e+15    7.21e+02    2.89e+12
 149  422.26     y    SA    0.271   4.65e+09   6.2e+07   9.17     y   2.10e+15    7.26e+02    2.89e+12
 150  422.26     y    SA    0.273   4.68e+09   6.2e+07   9.18     y   2.11e+15    7.31e+02    2.89e+12
 151  422.26     y    SA    0.274   4.71e+09   6.2e+07   9.18     y   2.13e+15    7.36e+02    2.89e+12
 152  422.26     y    SA    0.276   4.74e+09   6.2e+07   9.18     y   2.14e+15    7.41e+02    2.89e+12
 153  422.26     y    SA    0.278   4.78e+09   6.2e+07   9.18     y   2.15e+15    7.46e+02    2.89e+12
 154  422.26     y    SA     0.28   4.81e+09   6.2e+07   9.18     y   2.17e+15    7.50e+02    2.89e+12
 155  422.26     y    SA    0.282   4.84e+09   6.2e+07   9.18     y   2.18e+15    7.55e+02    2.89e+12
 156  422.26     y    SA    0.283   4.87e+09   6.2e+07   9.18     y   2.20e+15    7.60e+02    2.89e+12
 157  422.26     y    SA    0.285    4.9e+09   6.2e+07   9.18     y   2.21e+15    7.65e+02    2.89e+12
 158  422.26     y    SA    0.287   4.93e+09   6.2e+07   9.18     y   2.22e+15    7.70e+02    2.89e+12
 159  422.26     y    SA    0.289   4.96e+09   6.2e+07   9.19     y   2.24e+15    7.75e+02    2.89e+12
 160  422.26     y    SA    0.291   4.99e+09   6.2e+07   9.19     y   2.25e+15    7.80e+02    2.89e+12
 161  422.26     y    SA    0.292   5.02e+09   6.2e+07   9.19     y   2.27e+15    7.84e+02    2.89e+12
 162  422.26     y    SA    0.294   5.05e+09   6.2e+07   9.19     y   2.28e+15    7.89e+02    2.89e+12
 163  422.26     y    SA    0.296   5.09e+09   6.2e+07   9.19     y   2.29e+15    7.94e+02    2.89e+12
 164  422.26     y    SA    0.298   5.12e+09   6.2e+07   9.19     y   2.31e+15    7.99e+02    2.89e+12
 165  422.26     y    SA      0.3   5.15e+09   6.2e+07   9.19     y   2.32e+15    8.04e+02    2.89e+12
 166  422.26     y    SA    0.301   5.18e+09   6.2e+07   9.19     y   2.34e+15    8.09e+02    2.89e+12
 167  422.26     y    SA    0.303   5.21e+09   6.2e+07   9.20     y   2.35e+15    8.13e+02    2.89e+12
 168  422.26     y    SA    0.305   5.24e+09   6.2e+07   9.20     y   2.36e+15    8.18e+02    2.89e+12
 169  422.26     y    SA    0.307   5.27e+09   6.2e+07   9.20     y   2.38e+15    8.23e+02    2.89e+12
 170  422.26     y    SA    0.309    5.3e+09   6.2e+07   9.20     y   2.39e+15    8.28e+02    2.89e+12
 171  422.26     y    SA     0.31   5.33e+09   6.2e+07   9.20     y   2.41e+15    8.33e+02    2.89e+12
 172  422.26     y    SA    0.312   5.36e+09   6.2e+07   9.20     y   2.42e+15    8.38e+02    2.89e+12
 173  422.26     y    SA    0.314    5.4e+09   6.2e+07   9.20     y   2.43e+15    8.42e+02    2.89e+12
 174  422.26     y    SA    0.316   5.43e+09   6.2e+07   9.20     y   2.45e+15    8.47e+02    2.89e+12
 175  422.26     y    SA    0.318   5.46e+09   6.2e+07   9.20     y   2.46e+15    8.52e+02    2.89e+12
 176  422.26     y    SA    0.319   5.49e+09   6.2e+07   9.21     y   2.48e+15    8.57e+02    2.89e+12
 177  422.26     y    SA    0.321   5.52e+09   6.2e+07   9.21     y   2.49e+15    8.62e+02    2.89e+12
 178  422.26     y    SA    0.323   5.55e+09   6.2e+07   9.21     y   2.50e+15    8.67e+02    2.89e+12
 179  422.26     y    SA    0.325   5.58e+09   6.2e+07   9.21     y   2.52e+15    8.72e+02    2.89e+12
 180  422.26     y    SA    0.327   5.61e+09   6.2e+07   9.21     y   2.53e+15    8.76e+02    2.89e+12
 181  422.26     y    SA    0.329   5.64e+09   6.2e+07   9.21     y   2.55e+15    8.81e+02    2.89e+12
 182  422.26     y    SA     0.33   5.67e+09   6.2e+07   9.21     y   2.56e+15    8.86e+02    2.89e+12
 183  422.26     y    SA    0.332   5.71e+09   6.2e+07   9.21     y   2.57e+15    8.91e+02    2.89e+12
 184  422.26     y    SA    0.334   5.74e+09   6.2e+07   9.22     y   2.59e+15    8.96e+02    2.89e+12
 185  422.26     y    SA    0.336   5.77e+09   6.2e+07   9.22     y   2.60e+15    9.01e+02    2.89e+12
 186  422.26     y    SA    0.338    5.8e+09   6.2e+07   9.22     y   2.62e+15    9.05e+02    2.89e+12
 187  422.26     y    SA    0.339   5.83e+09   6.2e+07   9.22     y   2.63e+15    9.10e+02    2.89e+12
 188  422.26     y    SA    0.341   5.86e+09   6.2e+07   9.22     y   2.64e+15    9.15e+02    2.89e+12
 189  422.26     y    SA    0.343   5.89e+09   6.2e+07   9.22     y   2.66e+15    9.20e+02    2.89e+12
 190  422.26     y    SA    0.345   5.92e+09   6.2e+07   9.22     y   2.67e+15    9.25e+02    2.89e+12
 191  422.26     y    SA    0.347   5.95e+09   6.2e+07   9.22     y   2.69e+15    9.30e+02    2.89e+12
 192  422.26     y    SA    0.348   5.98e+09   6.2e+07   9.22     y   2.70e+15    9.34e+02    2.89e+12
 193  422.26     y    SA     0.35   6.02e+09   6.2e+07   9.23     y   2.71e+15    9.39e+02    2.89e+12
 194  422.26     y    SA    0.352   6.05e+09   6.2e+07   9.23     y   2.73e+15    9.44e+02    2.89e+12
 195  422.26     y    SA    0.354   6.08e+09   6.2e+07   9.23     y   2.74e+15    9.49e+02    2.89e+12
 196  422.26     y    SA    0.356   6.11e+09   6.2e+07   9.23     y   2.76e+15    9.54e+02    2.89e+12
 197  422.26     y    SA    0.357   6.14e+09   6.2e+07   9.23     y   2.77e+15    9.59e+02    2.89e+12
 198  422.26     y    SA    0.359   6.17e+09   6.2e+07   9.23     y   2.78e+15    9.64e+02    2.89e+12
 199  422.26     y    SA    0.361    6.2e+09   6.2e+07   9.23     y   2.80e+15    9.68e+02    2.89e+12
 200  422.26     y    SA    0.363   6.23e+09   6.2e+07   9.23     y   2.81e+15    9.73e+02    2.89e+12
 201  422.26     y    SA    0.365   6.26e+09   6.2e+07   9.23     y   2.83e+15    9.78e+02    2.89e+12
 202  422.26     y    SA    0.366   6.29e+09   6.2e+07   9.24     y   2.84e+15    9.83e+02    2.89e+12
 203  422.26     y    SA    0.368   6.33e+09   6.2e+07   9.24     y   2.85e+15    9.88e+02    2.89e+12
 204  422.26     y    SA     0.37   6.36e+09   6.2e+07   9.24     y   2.87e+15    9.93e+02    2.89e+12
 205  422.26     y    SA    0.372   6.39e+09   6.2e+07   9.24     y   2.88e+15    9.97e+02    2.89e+12
 206  422.26     y    SA    0.374   6.42e+09   6.2e+07   9.24     y   2.90e+15    1.00e+03    2.89e+12
 207  422.26     y    SA    0.375   6.45e+09   6.2e+07   9.24     y   2.91e+15    1.01e+03    2.89e+12
 208  422.26     y    SA    0.377   6.48e+09   6.2e+07   9.24     y   2.92e+15    1.01e+03    2.89e+12
 209  422.26     y    SA    0.379   6.51e+09   6.2e+07   9.24     y   2.94e+15    1.02e+03    2.89e+12
 210  422.26     y    SA    0.381   6.54e+09   6.2e+07   9.25     y   2.95e+15    1.02e+03    2.89e+12
 211  422.26     y    SA    0.383   6.57e+09   6.2e+07   9.25     y   2.97e+15    1.03e+03    2.89e+12
 212  422.26     y    SA    0.384    6.6e+09   6.2e+07   9.25     y   2.98e+15    1.03e+03    2.89e+12
 213  422.26     y    SA    0.386   6.64e+09   6.2e+07   9.25     y   2.99e+15    1.04e+03    2.89e+12
 214  422.26     y    SA    0.388   6.67e+09   6.2e+07   9.25     y   3.01e+15    1.04e+03    2.89e+12
 215  422.26     y    SA     0.39    6.7e+09   6.2e+07   9.25     y   3.02e+15    1.05e+03    2.89e+12
 216  422.26     y    SA    0.392   6.73e+09   6.2e+07   9.25     y   3.04e+15    1.05e+03    2.89e+12
 217  422.26     y    SA    0.394   6.76e+09   6.2e+07   9.25     y   3.05e+15    1.06e+03    2.89e+12
 218  422.26     y    SA    0.395   6.79e+09   6.2e+07   9.25     y   3.06e+15    1.06e+03    2.89e+12
 219  422.26     y    SA    0.397   6.82e+09   6.2e+07   9.26     y   3.08e+15    1.07e+03    2.89e+12
 220  422.26     y    SA    0.399   6.85e+09   6.2e+07   9.26     y   3.09e+15    1.07e+03    2.89e+12
 221  422.26     y    SA    0.401   6.88e+09   6.2e+07   9.26     y   3.11e+15    1.07e+03    2.89e+12
 222  422.26     y    SA    0.403   6.91e+09   6.2e+07   9.26     y   3.12e+15    1.08e+03    2.89e+12
 223  422.26     y    SA    0.404   6.95e+09   6.2e+07   9.26     y   3.13e+15    1.08e+03    2.89e+12
 224  422.26     y    SA    0.406   6.98e+09   6.2e+07   9.26     y   3.15e+15    1.09e+03    2.89e+12
 225  422.26     y    SA    0.408   7.01e+09   6.2e+07   9.26     y   3.16e+15    1.09e+03    2.89e+12
 226  422.26     y    SA     0.41   7.04e+09   6.2e+07   9.26     y   3.18e+15    1.10e+03    2.89e+12
 227  422.26     y    SA    0.412   7.07e+09   6.2e+07   9.27     y   3.19e+15    1.10e+03    2.89e+12
 228  422.26     y    SA    0.413    7.1e+09   6.2e+07   9.27     y   3.20e+15    1.11e+03    2.89e+12
 229  422.26     y    SA    0.415   7.13e+09   6.2e+07   9.27     y   3.22e+15    1.11e+03    2.89e+12
 230  422.26     y    SA    0.417   7.16e+09   6.2e+07   9.27     y   3.23e+15    1.12e+03    2.89e+12
 231  422.26     y    SA    0.419   7.19e+09   6.2e+07   9.27     y   3.25e+15    1.12e+03    2.89e+12
 232  422.26     y    SA    0.421   7.22e+09   6.2e+07   9.27     y   3.26e+15    1.13e+03    2.89e+12
 233  422.26     y    SA    0.422   7.26e+09   6.2e+07   9.27     y   3.27e+15    1.13e+03    2.89e+12
 234  422.26     y    SA    0.424   7.29e+09   6.2e+07   9.27     y   3.29e+15    1.14e+03    2.89e+12
 235  422.26     y    SA    0.426   7.32e+09   6.2e+07   9.27     y   3.30e+15    1.14e+03    2.89e+12
 236  422.26     y    SA    0.428   7.35e+09   6.2e+07   9.28     y   3.32e+15    1.15e+03    2.89e+12
 237  422.26     y    SA     0.43   7.38e+09   6.2e+07   9.28     y   3.33e+15    1.15e+03    2.89e+12
 238  422.26     y    SA    0.431   7.41e+09   6.2e+07   9.28     y   3.34e+15    1.16e+03    2.89e+12
 239  422.26     y    SA    0.433   7.44e+09   6.2e+07   9.28     y   3.36e+15    1.16e+03    2.89e+12
 240  422.26     y    SA    0.435   7.47e+09   6.2e+07   9.28     y   3.37e+15    1.17e+03    2.89e+12
 241  422.26     y    SA    0.437    7.5e+09   6.2e+07   9.28     y   3.39e+15    1.17e+03    2.89e+12
 242  422.26     y    SA    0.439   7.53e+09   6.2e+07   9.28     y   3.40e+15    1.18e+03    2.89e+12
 243  422.26     y    SA     0.44   7.57e+09   6.2e+07   9.28     y   3.41e+15    1.18e+03    2.89e+12
 244  422.26     y    SA    0.442    7.6e+09   6.2e+07   9.28     y   3.43e+15    1.19e+03    2.89e+12
 245  422.26     y    SA    0.444   7.63e+09   6.2e+07   9.29     y   3.44e+15    1.19e+03    2.89e+12
 246  422.26     y    SA    0.446   7.66e+09   6.2e+07   9.29     y   3.46e+15    1.20e+03    2.89e+12
 247  422.26     y    SA    0.448   7.69e+09   6.2e+07   9.29     y   3.47e+15    1.20e+03    2.89e+12
 248  422.26     y    SA    0.449   7.72e+09   6.2e+07   9.29     y   3.48e+15    1.21e+03    2.89e+12
 249  422.26     y    SA    0.451   7.75e+09   6.2e+07   9.29     y   3.50e+15    1.21e+03    2.89e+12
 250  422.26     y    SA    0.453   7.78e+09   6.2e+07   9.29     y   3.51e+15    1.22e+03    2.89e+12
 251  422.26     y    SA    0.455   7.81e+09   6.2e+07   9.29     y   3.53e+15    1.22e+03    2.89e+12
 252  422.26     y    SA    0.457   7.84e+09   6.2e+07   9.29     y   3.54e+15    1.22e+03    2.89e+12
 253  422.26     y    SA    0.458   7.88e+09   6.2e+07   9.30     y   3.55e+15    1.23e+03    2.89e+12
 254  422.26     y    SA     0.46   7.91e+09   6.2e+07   9.30     y   3.57e+15    1.23e+03    2.89e+12
 255  422.26     y    SA    0.462   7.94e+09   6.2e+07   9.30     y   3.58e+15    1.24e+03    2.89e+12
 256  422.26     y    SA    0.464   7.97e+09   6.2e+07   9.30     y   3.60e+15    1.24e+03    2.89e+12
 257  417.80     y    SA    0.466      8e+09   6.2e+07  10.30     y   3.61e+15    1.25e+03    2.89e+12
 258  417.80     y    SA    0.468   8.03e+09   6.2e+07  10.30     y   3.62e+15    1.25e+03    2.89e+12
 259  417.80     y    SA    0.469   8.06e+09   6.2e+07  10.30     y   3.64e+15    1.26e+03    2.89e+12
 260  417.80     y    SA    0.471   8.09e+09   6.2e+07  10.30     y   3.65e+15    1.26e+03    2.89e+12
 261  417.80     y    SA    0.473   8.12e+09   6.2e+07  10.30     y   3.67e+15    1.27e+03    2.89e+12
 262  417.80     y    SA    0.475   8.16e+09   6.2e+07  10.31     y   3.68e+15    1.27e+03    2.89e+12
 263  417.80     y    SA    0.477   8.19e+09   6.2e+07  10.31     y   3.69e+15    1.28e+03    2.89e+12
 264  417.80     y    SA    0.478   8.22e+09   6.2e+07  10.31     y   3.71e+15    1.28e+03    2.89e+12
 265  417.80     y    SA     0.48   8.25e+09   6.2e+07  10.31     y   3.72e+15    1.29e+03    2.89e+12
 266  417.80     y    SA    0.482   8.28e+09   6.2e+07  10.31     y   3.74e+15    1.29e+03    2.89e+12
 267  417.80     y    SA    0.484   8.31e+09   6.2e+07  10.31     y   3.75e+15    1.30e+03    2.89e+12
 268  417.80     y    SA    0.486   8.34e+09   6.2e+07  10.31     y   3.76e+15    1.30e+03    2.89e+12
 269  417.80     y    SA    0.487   8.37e+09   6.2e+07  10.31     y   3.78e+15    1.31e+03    2.89e+12
 270  417.80     y    SA    0.489    8.4e+09   6.2e+07  10.32     y   3.79e+15    1.31e+03    2.89e+12
 271  417.80     y    SA    0.491   8.43e+09   6.2e+07  10.32     y   3.81e+15    1.32e+03    2.89e+12
 272  417.80     y    SA    0.493   8.47e+09   6.2e+07  10.32     y   3.82e+15    1.32e+03    2.89e+12
 273  417.80     y    SA    0.495    8.5e+09   6.2e+07  10.32     y   3.83e+15    1.33e+03    2.89e+12
 274  417.80     y    SA    0.496   8.53e+09   6.2e+07  10.32     y   3.85e+15    1.33e+03    2.89e+12
 275  417.80     y    SA    0.498   8.56e+09   6.2e+07  10.32     y   3.86e+15    1.34e+03    2.89e+12
 276  417.80     y    SA      0.5   8.59e+09   6.2e+07  10.32     y   3.88e+15    1.34e+03    2.89e+12
 277  417.80     y    SA    0.502   8.62e+09   6.2e+07  10.32     y   3.89e+15    1.35e+03    2.89e+12
 278  417.80     y    SA    0.504   8.65e+09   6.2e+07  10.32     y   3.90e+15    1.35e+03    2.89e+12
 279  417.80     y    SA    0.505   8.68e+09   6.2e+07  10.33     y   3.92e+15    1.36e+03    2.89e+12
 280  417.80     y    SA    0.507   8.71e+09   6.2e+07  10.33     y   3.93e+15    1.36e+03    2.89e+12
 281  417.80     y    SA    0.509   8.74e+09   6.2e+07  10.33     y   3.95e+15    1.37e+03    2.89e+12
 282  417.80     y    SA    0.511   8.78e+09   6.2e+07  10.33     y   3.96e+15    1.37e+03    2.89e+12
 283  417.80     y    SA    0.513   8.81e+09   6.2e+07  10.33     y   3.97e+15    1.38e+03    2.89e+12
 284  417.80     y    SA    0.514   8.84e+09   6.2e+07  10.33     y   3.99e+15    1.38e+03    2.89e+12
 285  417.80     y    SA    0.516   8.87e+09   6.2e+07  10.33     y   4.00e+15    1.38e+03    2.89e+12
 286  417.80     y    SA    0.518    8.9e+09   6.2e+07  10.33     y   4.02e+15    1.39e+03    2.89e+12
 287  417.80     y    SA     0.52   8.93e+09   6.2e+07  10.33     y   4.03e+15    1.39e+03    2.89e+12
 288  417.80     y    SA    0.522   8.96e+09   6.2e+07  10.34     y   4.04e+15    1.40e+03    2.89e+12
 289  417.80     y    SA    0.523   8.99e+09   6.2e+07  10.34     y   4.06e+15    1.40e+03    2.89e+12
 290  417.80     y    SA    0.525   9.02e+09   6.2e+07  10.34     y   4.07e+15    1.41e+03    2.89e+12
 291  417.80     y    SA    0.527   9.05e+09   6.2e+07  10.34     y   4.09e+15    1.41e+03    2.89e+12
 292  417.80     y    SA    0.529   9.09e+09   6.2e+07  10.34     y   4.10e+15    1.42e+03    2.89e+12
 293  417.80     y    SA    0.531   9.12e+09   6.2e+07  10.34     y   4.11e+15    1.42e+03    2.89e+12
 294  417.80     y    SA    0.532   9.15e+09   6.2e+07  10.34     y   4.13e+15    1.43e+03    2.89e+12
 295  417.80     y    SA    0.534   9.18e+09   6.2e+07  10.34     y   4.14e+15    1.43e+03    2.89e+12
 296  417.80     y    SA    0.536   9.21e+09   6.2e+07  10.35     y   4.16e+15    1.44e+03    2.89e+12
 297  417.80     y    SA    0.538   9.24e+09   6.2e+07  10.35     y   4.17e+15    1.44e+03    2.89e+12
 298  417.80     y    SA     0.54   9.27e+09   6.2e+07  10.35     y   4.18e+15    1.45e+03    2.89e+12
 299  417.80     y    SA    0.542    9.3e+09   6.2e+07  10.35     y   4.20e+15    1.45e+03    2.89e+12
 300  417.80     y    SA    0.543   9.33e+09   6.2e+07  10.35     y   4.21e+15    1.46e+03    2.89e+12
 301  417.80     y    SA    0.545   9.36e+09   6.2e+07  10.35     y   4.23e+15    1.46e+03    2.89e+12
 302  417.80     y    SA    0.547    9.4e+09   6.2e+07  10.35     y   4.24e+15    1.47e+03    2.89e+12
 303  417.80     y    SA    0.549   9.43e+09   6.2e+07  10.35     y   4.25e+15    1.47e+03    2.89e+12
 304  417.80     y    SA    0.551   9.46e+09   6.2e+07  10.35     y   4.27e+15    1.48e+03    2.89e+12
 305  417.80     y    SA    0.552   9.49e+09   6.2e+07  10.36     y   4.28e+15    1.48e+03    2.89e+12
 306  417.80     y    SA    0.554   9.52e+09   6.2e+07  10.36     y   4.30e+15    1.49e+03    2.89e+12
 307  417.80     y    SA    0.556   9.55e+09   6.2e+07  10.36     y   4.31e+15    1.49e+03    2.89e+12
 308  417.80     y    SA    0.558   9.58e+09   6.2e+07  10.36     y   4.32e+15    1.50e+03    2.89e+12
 309  417.80     y    SA     0.56   9.61e+09   6.2e+07  10.36     y   4.34e+15    1.50e+03    2.89e+12
 310  417.80     y    SA    0.561   9.64e+09   6.2e+07  10.36     y   4.35e+15    1.51e+03    2.89e+12
 311  417.80     y    SA    0.563   9.67e+09   6.2e+07  10.36     y   4.37e+15    1.51e+03    2.89e+12
 312  417.80     y    SA    0.565   9.71e+09   6.2e+07  10.36     y   4.38e+15    1.52e+03    2.89e+12
 313  417.80     y    SA    0.567   9.74e+09   6.2e+07  10.37     y   4.39e+15    1.52e+03    2.89e+12
 314  417.80     y    SA    0.569   9.77e+09   6.2e+07  10.37     y   4.41e+15    1.53e+03    2.89e+12
 315  417.80     y    SA     0.57    9.8e+09   6.2e+07  10.37     y   4.42e+15    1.53e+03    2.89e+12
 316  417.80     y    SA    0.572   9.83e+09   6.2e+07  10.37     y   4.44e+15    1.53e+03    2.89e+12
 317  417.80     y    SA    0.574   9.86e+09   6.2e+07  10.37     y   4.45e+15    1.54e+03    2.89e+12
 318  417.80     y    SA    0.576   9.89e+09   6.2e+07  10.37     y   4.46e+15    1.54e+03    2.89e+12
 319  417.80     y    SA    0.578   9.92e+09   6.2e+07  10.37     y   4.48e+15    1.55e+03    2.89e+12
 320  417.80     y    SA    0.579   9.95e+09   6.2e+07  10.37     y   4.49e+15    1.55e+03    2.89e+12
 321  417.80     y    SA    0.581   9.98e+09   6.2e+07  10.37     y   4.51e+15    1.56e+03    2.89e+12
 322  417.80     y    SA    0.583      1e+10   6.2e+07  10.38     y   4.52e+15    1.56e+03    2.89e+12
 323  417.80     y    SA    0.585      1e+10   6.2e+07  10.38     y   4.53e+15    1.57e+03    2.89e+12
 324  417.80     y    SA    0.587   1.01e+10   6.2e+07  10.38     y   4.55e+15    1.57e+03    2.89e+12
 325  417.80     y    SA    0.588   1.01e+10   6.2e+07  10.38     y   4.56e+15    1.58e+03    2.89e+12
 326  417.80     y    SA     0.59   1.01e+10   6.2e+07  10.38     y   4.58e+15    1.58e+03    2.89e+12
 327  417.80     y    SA    0.592   1.02e+10   6.2e+07  10.38     y   4.59e+15    1.59e+03    2.89e+12
 328  417.80     y    SA    0.594   1.02e+10   6.2e+07  10.38     y   4.60e+15    1.59e+03    2.89e+12
 329  417.80     y    SA    0.596   1.02e+10   6.2e+07  10.38     y   4.62e+15    1.60e+03    2.89e+12
 330  417.80     y    SA    0.597   1.03e+10   6.2e+07  10.38     y   4.63e+15    1.60e+03    2.89e+12
 331  417.80     y    SA    0.599   1.03e+10   6.2e+07  10.39     y   4.65e+15    1.61e+03    2.89e+12
 332  417.80     y    SA    0.601   1.03e+10   6.2e+07  10.39     y   4.66e+15    1.61e+03    2.89e+12
 333  417.80     y    SA    0.603   1.04e+10   6.2e+07  10.39     y   4.67e+15    1.62e+03    2.89e+12
 334  417.80     y    SA    0.605   1.04e+10   6.2e+07  10.39     y   4.69e+15    1.62e+03    2.89e+12
 335  417.80     y    SA    0.606   1.04e+10   6.2e+07  10.39     y   4.70e+15    1.63e+03    2.89e+12
 336  417.80     y    SA    0.608   1.04e+10   6.2e+07  10.39     y   4.72e+15    1.63e+03    2.89e+12
 337  417.80     y    SA     0.61   1.05e+10   6.2e+07  10.39     y   4.73e+15    1.64e+03    2.89e+12
 338  417.80     y    SA    0.612   1.05e+10   6.2e+07  10.39     y   4.74e+15    1.64e+03    2.89e+12
 339  417.80     y    SA    0.614   1.05e+10   6.2e+07  10.40     y   4.76e+15    1.65e+03    2.89e+12
 340  417.80     y    SA    0.616   1.06e+10   6.2e+07  10.40     y   4.77e+15    1.65e+03    2.89e+12
 341  417.80     y    SA    0.617   1.06e+10   6.2e+07  10.40     y   4.79e+15    1.66e+03    2.89e+12
 342  417.80     y    SA    0.619   1.06e+10   6.2e+07  10.40     y   4.80e+15    1.66e+03    2.89e+12
 343  417.80     y    SA    0.621   1.07e+10   6.2e+07  10.40     y   4.81e+15    1.67e+03    2.89e+12
 344  417.80     y    SA    0.623   1.07e+10   6.2e+07  10.40     y   4.83e+15    1.67e+03    2.89e+12
 345  417.80     y    SA    0.625   1.07e+10   6.2e+07  10.40     y   4.84e+15    1.68e+03    2.89e+12
 346  417.80     y    SA    0.626   1.08e+10   6.2e+07  10.40     y   4.86e+15    1.68e+03    2.89e+12
 347  417.80     y    SA    0.628   1.08e+10   6.2e+07  10.40     y   4.87e+15    1.68e+03    2.89e+12
 348  417.80     y    SA     0.63   1.08e+10   6.2e+07  10.41     y   4.88e+15    1.69e+03    2.89e+12
 349  417.80     y    SA    0.632   1.09e+10   6.2e+07  10.41     y   4.90e+15    1.69e+03    2.89e+12
 350  417.80     y    SA    0.634   1.09e+10   6.2e+07  10.41     y   4.91e+15    1.70e+03    2.89e+12
 351  417.80     y    SA    0.635   1.09e+10   6.2e+07  10.41     y   4.93e+15    1.70e+03    2.89e+12
 352  417.80     y    SA    0.637   1.09e+10   6.2e+07  10.41     y   4.94e+15    1.71e+03    2.89e+12
 353  417.80     y    SA    0.639    1.1e+10   6.2e+07  10.41     y   4.95e+15    1.71e+03    2.89e+12
 354  417.80     y    SA    0.641    1.1e+10   6.2e+07  10.41     y   4.97e+15    1.72e+03    2.89e+12
 355  417.80     y    SA    0.643    1.1e+10   6.2e+07  10.41     y   4.98e+15    1.72e+03    2.89e+12
 356  417.80     y    SA    0.644   1.11e+10   6.2e+07  10.42     y   5.00e+15    1.73e+03    2.89e+12
 357  417.80     y    SA    0.646   1.11e+10   6.2e+07  10.42     y   5.01e+15    1.73e+03    2.89e+12
 358  417.80     y    SA    0.648   1.11e+10   6.2e+07  10.42     y   5.02e+15    1.74e+03    2.89e+12
 359  417.80     y    SA     0.65   1.12e+10   6.2e+07  10.42     y   5.04e+15    1.74e+03    2.89e+12
 360  417.80     y    SA    0.652   1.12e+10   6.2e+07  10.42     y   5.05e+15    1.75e+03    2.89e+12
 361  417.80     y    SA    0.653   1.12e+10   6.2e+07  10.42     y   5.07e+15    1.75e+03    2.89e+12
 362  417.80     y    SA    0.655   1.13e+10   6.2e+07  10.42     y   5.08e+15    1.76e+03    2.89e+12
 363  417.80     y    SA    0.657   1.13e+10   6.2e+07  10.42     y   5.09e+15    1.76e+03    2.89e+12
 364  417.80     y    SA    0.659   1.13e+10   6.2e+07  10.42     y   5.11e+15    1.77e+03    2.89e+12
 365  417.80     y    SA    0.661   1.13e+10   6.2e+07  10.43     y   5.12e+15    1.77e+03    2.89e+12
 366  417.80     y    SA    0.662   1.14e+10   6.2e+07  10.43     y   5.14e+15    1.78e+03    2.89e+12
 367  417.80     y    SA    0.664   1.14e+10   6.2e+07  10.43     y   5.15e+15    1.78e+03    2.89e+12
 368  417.80     y    SA    0.666   1.14e+10   6.2e+07  10.43     y   5.16e+15    1.79e+03    2.89e+12
 369  417.80     y    SA    0.668   1.15e+10   6.2e+07  10.43     y   5.18e+15    1.79e+03    2.89e+12
 370  417.80     y    SA     0.67   1.15e+10   6.2e+07  10.43     y   5.19e+15    1.80e+03    2.89e+12
 371  417.80     y    SA    0.671   1.15e+10   6.2e+07  10.43     y   5.21e+15    1.80e+03    2.89e+12
 372  417.80     y    SA    0.673   1.16e+10   6.2e+07  10.43     y   5.22e+15    1.81e+03    2.89e+12
 373  417.80     y    SA    0.675   1.16e+10   6.2e+07  10.43     y   5.23e+15    1.81e+03    2.89e+12
 374  417.80     y    SA    0.677   1.16e+10   6.2e+07  10.44     y   5.25e+15    1.82e+03    2.89e+12
 375  417.80     y    SA    0.679   1.17e+10   6.2e+07  10.44     y   5.26e+15    1.82e+03    2.89e+12
 376  417.80     y    SA    0.681   1.17e+10   6.2e+07  10.44     y   5.28e+15    1.83e+03    2.89e+12
 377  417.80     y    SA    0.682   1.17e+10   6.2e+07  10.44     y   5.29e+15    1.83e+03    2.89e+12
 378  417.80     y    SA    0.684   1.18e+10   6.2e+07  10.44     y   5.30e+15    1.84e+03    2.89e+12
 379  417.80     y    SA    0.686   1.18e+10   6.2e+07  10.44     y   5.32e+15    1.84e+03    2.89e+12
 380  417.80     y    SA    0.688   1.18e+10   6.2e+07  10.44     y   5.33e+15    1.84e+03    2.89e+12
 381  417.80     y    SA     0.69   1.18e+10   6.2e+07  10.44     y   5.35e+15    1.85e+03    2.89e+12
 382  417.80     y    SA    0.691   1.19e+10   6.2e+07  10.45     y   5.36e+15    1.85e+03    2.89e+12
 383  417.80     y    SA    0.693   1.19e+10   6.2e+07  10.45     y   5.37e+15    1.86e+03    2.89e+12
 384  417.80     y    SA    0.695   1.19e+10   6.2e+07  10.45     y   5.39e+15    1.86e+03    2.89e+12
 385  417.80     y    SA    0.697    1.2e+10   6.2e+07  10.45     y   5.40e+15    1.87e+03    2.89e+12
 386  417.80     y    SA    0.699    1.2e+10   6.2e+07  10.45     y   5.42e+15    1.87e+03    2.89e+12
 387  417.80     y    SA      0.7    1.2e+10   6.2e+07  10.45     y   5.43e+15    1.88e+03    2.89e+12
 388  417.80     y    SA    0.702   1.21e+10   6.2e+07  10.45     y   5.44e+15    1.88e+03    2.89e+12
 389  417.80     y    SA    0.704   1.21e+10   6.2e+07  10.45     y   5.46e+15    1.89e+03    2.89e+12
 390  417.80     y    SA    0.706   1.21e+10   6.2e+07  10.45     y   5.47e+15    1.89e+03    2.89e+12
 391  417.80     y    SA    0.708   1.22e+10   6.2e+07  10.46     y   5.49e+15    1.90e+03    2.89e+12
 392  417.80     y    SA    0.709   1.22e+10   6.2e+07  10.46     y   5.50e+15    1.90e+03    2.89e+12
 393  417.80     y    SA    0.711   1.22e+10   6.2e+07  10.46     y   5.51e+15    1.91e+03    2.89e+12
 394  417.80     y    SA    0.713   1.22e+10   6.2e+07  10.46     y   5.53e+15    1.91e+03    2.89e+12
 395  417.80     y    SA    0.715   1.23e+10   6.2e+07  10.46     y   5.54e+15    1.92e+03    2.89e+12
 396  417.80     y    SA    0.717   1.23e+10   6.2e+07  10.46     y   5.56e+15    1.92e+03    2.89e+12
 397  417.80     y    SA    0.718   1.23e+10   6.2e+07  10.46     y   5.57e+15    1.93e+03    2.89e+12
 398  417.80     y    SA     0.72   1.24e+10   6.2e+07  10.46     y   5.58e+15    1.93e+03    2.89e+12
 399  417.80     y    SA    0.722   1.24e+10   6.2e+07  10.47     y   5.60e+15    1.94e+03    2.89e+12
 400  417.80     y    SA    0.724   1.24e+10   6.2e+07  10.47     y   5.61e+15    1.94e+03    2.89e+12
 401  417.80     y    SA    0.726   1.25e+10   6.2e+07  10.47     y   5.63e+15    1.95e+03    2.89e+12
 402  417.80     y    SA    0.727   1.25e+10   6.2e+07  10.47     y   5.64e+15    1.95e+03    2.89e+12
 403  417.80     y    SA    0.729   1.25e+10   6.2e+07  10.47     y   5.65e+15    1.96e+03    2.89e+12
 404  417.80     y    SA    0.731   1.26e+10   6.2e+07  10.47     y   5.67e+15    1.96e+03    2.89e+12
 405  417.80     y    SA    0.733   1.26e+10   6.2e+07  10.47     y   5.68e+15    1.97e+03    2.89e+12
 406  417.80     y    SA    0.735   1.26e+10   6.2e+07  10.47     y   5.70e+15    1.97e+03    2.89e+12
 407  417.80     y    SA    0.736   1.27e+10   6.2e+07  10.47     y   5.71e+15    1.98e+03    2.89e+12
 408  417.80     y    SA    0.738   1.27e+10   6.2e+07  10.48     y   5.72e+15    1.98e+03    2.89e+12
 409  417.80     y    SA     0.74   1.27e+10   6.2e+07  10.48     y   5.74e+15    1.99e+03    2.89e+12
 410  417.80     y    SA    0.742   1.27e+10   6.2e+07  10.48     y   5.75e+15    1.99e+03    2.89e+12
 411  417.80     y    SA    0.744   1.28e+10   6.2e+07  10.48     y   5.76e+15    1.99e+03    2.89e+12
 412  417.80     y    SA    0.745   1.28e+10   6.2e+07  10.48     y   5.78e+15    2.00e+03    2.89e+12
 413  417.80     y    SA    0.747   1.28e+10   6.2e+07  10.48     y   5.79e+15    2.00e+03    2.89e+12
 414  417.80     y    SA    0.749   1.29e+10   6.2e+07  10.48     y   5.81e+15    2.01e+03    2.89e+12
 415  417.80     y    SA    0.751   1.29e+10   6.2e+07  10.48     y   5.82e+15    2.01e+03    2.89e+12
 416  417.80     y    SA    0.753   1.29e+10   6.2e+07  10.48     y   5.83e+15    2.02e+03    2.89e+12
 417  417.80     y    SA    0.755    1.3e+10   6.2e+07  10.49     y   5.85e+15    2.02e+03    2.89e+12
 418  417.80     n    SA    0.756    1.3e+10   6.2e+07  10.49     y   5.86e+15    2.03e+03    2.89e+12
 419  417.80     n    SA    0.758    1.3e+10   6.2e+07  10.49     y   5.88e+15    2.03e+03    2.89e+12
 420  417.80     n    SA     0.76   1.31e+10   6.2e+07  10.49     y   5.89e+15    2.04e+03    2.89e+12
 421  417.80     n    SA    0.762   1.31e+10   6.2e+07  10.49     y   5.90e+15    2.04e+03    2.89e+12
 422  417.80     n    SA    0.764   1.31e+10   6.2e+07  10.49     y   5.92e+15    2.05e+03    2.89e+12
 423  417.80     n    SA    0.765   1.31e+10   6.2e+07  10.49     y   5.93e+15    2.05e+03    2.89e+12
 424  417.80     n    SA    0.767   1.32e+10   6.2e+07  10.49     y   5.95e+15    2.06e+03    2.89e+12
 425  417.80     n    SA    0.769   1.32e+10   6.2e+07  10.50     y   5.96e+15    2.06e+03    2.89e+12
 426  417.80     n    SA    0.771   1.32e+10   6.2e+07  10.50     y   5.97e+15    2.07e+03    2.89e+12
 427  417.80     n    SA    0.773   1.33e+10   6.2e+07  10.50     y   5.99e+15    2.07e+03    2.89e+12
 428  417.80     n    SA    0.774   1.33e+10   6.2e+07  10.50     y   6.00e+15    2.08e+03    2.89e+12
 429  417.80     n    SA    0.776   1.33e+10   6.2e+07  10.50     y   6.02e+15    2.08e+03    2.89e+12
 430  417.80     n    SA    0.778   1.34e+10   6.2e+07  10.50     y   6.03e+15    2.09e+03    2.89e+12
 431  417.80     n    SA     0.78   1.34e+10   6.2e+07  10.50     y   6.04e+15    2.09e+03    2.89e+12
 432  417.80     n    SA    0.782   1.34e+10   6.2e+07  10.50     y   6.06e+15    2.10e+03    2.89e+12
 433  417.80     n    SA    0.783   1.35e+10   6.2e+07  10.50     y   6.07e+15    2.10e+03    2.89e+12
 434  417.80     n    SA    0.785   1.35e+10   6.2e+07  10.51     y   6.09e+15    2.11e+03    2.89e+12
 435  417.80     n    SA    0.787   1.35e+10   6.2e+07  10.51     y   6.10e+15    2.11e+03    2.89e+12
 436  417.80     n    SA    0.789   1.36e+10   6.2e+07  10.51     y   6.11e+15    2.12e+03    2.89e+12
 437  417.80     n    SA    0.791   1.36e+10   6.2e+07  10.51     y   6.13e+15    2.12e+03    2.89e+12
 438  417.80     n    SA    0.792   1.36e+10   6.2e+07  10.51     y   6.14e+15    2.13e+03    2.89e+12
 439  417.80     n    SA    0.794   1.36e+10   6.2e+07  10.51     y   6.16e+15    2.13e+03    2.89e+12
 440  417.80     n    SA    0.796   1.37e+10   6.2e+07  10.51     y   6.17e+15    2.14e+03    2.89e+12
 441  417.80     n    SA    0.798   1.37e+10   6.2e+07  10.51     y   6.18e+15    2.14e+03    2.89e+12
 442  417.80     n    SA      0.8   1.37e+10   6.2e+07  10.52     y   6.20e+15    2.14e+03    2.89e+12
 443  417.80     n    SA    0.801   1.38e+10   6.2e+07  10.52     y   6.21e+15    2.15e+03    2.89e+12
 444  417.80     n    SA    0.803   1.38e+10   6.2e+07  10.52     y   6.23e+15    2.15e+03    2.89e+12
 445  417.80     n    SA    0.805   1.38e+10   6.2e+07  10.52     y   6.24e+15    2.16e+03    2.89e+12
 446  417.80     n    SA    0.807   1.39e+10   6.2e+07  10.52     y   6.25e+15    2.16e+03    2.89e+12
 447  417.80     n    SA    0.809   1.39e+10   6.2e+07  10.52     y   6.27e+15    2.17e+03    2.89e+12
 448  417.80     n    SA     0.81   1.39e+10   6.2e+07  10.52     y   6.28e+15    2.17e+03    2.89e+12
 449  417.80     n    SA    0.812    1.4e+10   6.2e+07  10.52     y   6.30e+15    2.18e+03    2.89e+12
 450  417.80     n    SA    0.814    1.4e+10   6.2e+07  10.52     y   6.31e+15    2.18e+03    2.89e+12
 451  417.80     n    SA    0.816    1.4e+10   6.2e+07  10.53     y   6.32e+15    2.19e+03    2.89e+12
 452  417.80     n    SA    0.818    1.4e+10   6.2e+07  10.53     y   6.34e+15    2.19e+03    2.89e+12
 453  417.80     n    SA    0.819   1.41e+10   6.2e+07  10.53     y   6.35e+15    2.20e+03    2.89e+12
 454  417.80     n    SA    0.821   1.41e+10   6.2e+07  10.53     y   6.37e+15    2.20e+03    2.89e+12
 455  417.80     n    SA    0.823   1.41e+10   6.2e+07  10.53     y   6.38e+15    2.21e+03    2.89e+12
 456  417.80     n    SA    0.825   1.42e+10   6.2e+07  10.53     y   6.39e+15    2.21e+03    2.89e+12
 457  417.80     n    SA    0.827   1.42e+10   6.2e+07  10.53     y   6.41e+15    2.22e+03    2.89e+12
 458  417.80     n    SA    0.829   1.42e+10   6.2e+07  10.53     y   6.42e+15    2.22e+03    2.89e+12
 459  417.80     n    SA     0.83   1.43e+10   6.2e+07  10.53     y   6.44e+15    2.23e+03    2.89e+12
 460  417.80     n    SA    0.832   1.43e+10   6.2e+07  10.54     y   6.45e+15    2.23e+03    2.89e+12
 461  417.80     n    SA    0.834   1.43e+10   6.2e+07  10.54     y   6.46e+15    2.24e+03    2.89e+12

  best BW (feasible & fits) at n=417: 5.849e+15 B/s, 209.0x fewer SAs, 209.00x the n=1 baseline BW (SA-bound)

########## harmonic thermal-budget sweep :: nvm_100Mb ##########
  thermal-limited BW [B/s]  (P_max = power-density budget, W/mm^2; * = best n in column)
   n  bind           1          11         110        1100       11000      110000       unlim
----------------------------------------------------------------------------------------------
   1    SA   2.89e+12    2.80e+13    2.80e+13    2.80e+13    2.80e+13    2.80e+13    2.80e+13 
   2    SA   2.89e+12    2.89e+13    4.20e+13    4.20e+13    4.20e+13    4.20e+13    4.20e+13 
   3    SA   2.89e+12    2.89e+13    5.60e+13    5.60e+13    5.60e+13    5.60e+13    5.60e+13 
   4    SA   2.89e+12    2.89e+13    7.00e+13    7.00e+13    7.00e+13    7.00e+13    7.00e+13 
   5    SA   2.89e+12    2.89e+13    8.40e+13    8.40e+13    8.40e+13    8.40e+13    8.40e+13 
   6    SA   2.89e+12    2.89e+13    9.79e+13    9.79e+13    9.79e+13    9.79e+13    9.79e+13 
   7    SA   2.89e+12    2.89e+13    1.12e+14    1.12e+14    1.12e+14    1.12e+14    1.12e+14 
   8    SA   2.89e+12    2.89e+13    1.26e+14    1.26e+14    1.26e+14    1.26e+14    1.26e+14 
   9    SA   2.89e+12    2.89e+13    1.40e+14    1.40e+14    1.40e+14    1.40e+14    1.40e+14 
  10    SA   2.89e+12    2.89e+13    1.54e+14    1.54e+14    1.54e+14    1.54e+14    1.54e+14 
  11    SA   2.89e+12    2.89e+13    1.68e+14    1.68e+14    1.68e+14    1.68e+14    1.68e+14 
  12    SA   2.89e+12    2.89e+13    1.82e+14    1.82e+14    1.82e+14    1.82e+14    1.82e+14 
  13    SA   2.89e+12    2.89e+13    1.96e+14    1.96e+14    1.96e+14    1.96e+14    1.96e+14 
  14    SA   2.89e+12    2.89e+13    2.10e+14    2.10e+14    2.10e+14    2.10e+14    2.10e+14 
  15    SA   2.89e+12    2.89e+13    2.24e+14    2.24e+14    2.24e+14    2.24e+14    2.24e+14 
  16    SA   2.89e+12    2.89e+13    2.38e+14    2.38e+14    2.38e+14    2.38e+14    2.38e+14 
  17    SA   2.89e+12    2.89e+13    2.52e+14    2.52e+14    2.52e+14    2.52e+14    2.52e+14 
  18    SA   2.89e+12    2.89e+13    2.66e+14    2.66e+14    2.66e+14    2.66e+14    2.66e+14 
  19    SA   2.89e+12    2.89e+13    2.80e+14    2.80e+14    2.80e+14    2.80e+14    2.80e+14 
  20    SA   2.89e+12    2.89e+13    2.89e+14    2.94e+14    2.94e+14    2.94e+14    2.94e+14 
  21    SA   2.89e+12    2.89e+13    2.89e+14    3.08e+14    3.08e+14    3.08e+14    3.08e+14 
  22    SA   2.89e+12    2.89e+13    2.89e+14    3.22e+14    3.22e+14    3.22e+14    3.22e+14 
  23    SA   2.89e+12    2.89e+13    2.89e+14    3.36e+14    3.36e+14    3.36e+14    3.36e+14 
  24    SA   2.89e+12    2.89e+13    2.89e+14    3.50e+14    3.50e+14    3.50e+14    3.50e+14 
  25    SA   2.89e+12    2.89e+13    2.89e+14    3.64e+14    3.64e+14    3.64e+14    3.64e+14 
  26    SA   2.89e+12    2.89e+13    2.89e+14    3.78e+14    3.78e+14    3.78e+14    3.78e+14 
  27    SA   2.89e+12    2.89e+13    2.89e+14    3.92e+14    3.92e+14    3.92e+14    3.92e+14 
  28    SA   2.89e+12    2.89e+13    2.89e+14    4.06e+14    4.06e+14    4.06e+14    4.06e+14 
  29    SA   2.89e+12    2.89e+13    2.89e+14    4.20e+14    4.20e+14    4.20e+14    4.20e+14 
  30    SA   2.89e+12    2.89e+13    2.89e+14    4.34e+14    4.34e+14    4.34e+14    4.34e+14 
  31    SA   2.89e+12    2.89e+13    2.89e+14*   4.48e+14    4.48e+14    4.48e+14    4.48e+14 
  32    SA   2.89e+12    2.89e+13    2.89e+14    4.62e+14    4.62e+14    4.62e+14    4.62e+14 
  33    SA   2.89e+12    2.89e+13    2.89e+14    4.76e+14    4.76e+14    4.76e+14    4.76e+14 
  34    SA   2.89e+12    2.89e+13    2.89e+14    4.90e+14    4.90e+14    4.90e+14    4.90e+14 
  35    SA   2.89e+12    2.89e+13    2.89e+14    5.04e+14    5.04e+14    5.04e+14    5.04e+14 
  36    SA   2.89e+12    2.89e+13    2.89e+14    5.18e+14    5.18e+14    5.18e+14    5.18e+14 
  37    SA   2.89e+12    2.89e+13    2.89e+14    5.32e+14    5.32e+14    5.32e+14    5.32e+14 
  38    SA   2.89e+12    2.89e+13    2.89e+14    5.46e+14    5.46e+14    5.46e+14    5.46e+14 
  39    SA   2.89e+12    2.89e+13    2.89e+14    5.60e+14    5.60e+14    5.60e+14    5.60e+14 
  40    SA   2.89e+12    2.89e+13    2.89e+14    5.74e+14    5.74e+14    5.74e+14    5.74e+14 
  41    SA   2.89e+12    2.89e+13    2.89e+14    5.88e+14    5.88e+14    5.88e+14    5.88e+14 
  42    SA   2.89e+12    2.89e+13    2.89e+14    6.02e+14    6.02e+14    6.02e+14    6.02e+14 
  43    SA   2.89e+12    2.89e+13    2.89e+14    6.16e+14    6.16e+14    6.16e+14    6.16e+14 
  44    SA   2.89e+12    2.89e+13    2.89e+14    6.30e+14    6.30e+14    6.30e+14    6.30e+14 
  45    SA   2.89e+12    2.89e+13    2.89e+14    6.44e+14    6.44e+14    6.44e+14    6.44e+14 
  46    SA   2.89e+12    2.89e+13    2.89e+14    6.58e+14    6.58e+14    6.58e+14    6.58e+14 
  47    SA   2.89e+12    2.89e+13    2.89e+14    6.72e+14    6.72e+14    6.72e+14    6.72e+14 
  48    SA   2.89e+12    2.89e+13    2.89e+14    6.86e+14    6.86e+14    6.86e+14    6.86e+14 
  49    SA   2.89e+12    2.89e+13    2.89e+14    7.00e+14    7.00e+14    7.00e+14    7.00e+14 
  50    SA   2.89e+12    2.89e+13    2.89e+14    7.14e+14    7.14e+14    7.14e+14    7.14e+14 
  51    SA   2.89e+12    2.89e+13    2.89e+14    7.28e+14    7.28e+14    7.28e+14    7.28e+14 
  52    SA   2.89e+12    2.89e+13    2.89e+14    7.42e+14    7.42e+14    7.42e+14    7.42e+14 
  53    SA   2.89e+12    2.89e+13    2.89e+14    7.56e+14    7.56e+14    7.56e+14    7.56e+14 
  54    SA   2.89e+12    2.89e+13    2.89e+14    7.70e+14    7.70e+14    7.70e+14    7.70e+14 
  55    SA   2.89e+12    2.89e+13    2.89e+14    7.84e+14    7.84e+14    7.84e+14    7.84e+14 
  56    SA   2.89e+12    2.89e+13    2.89e+14    7.98e+14    7.98e+14    7.98e+14    7.98e+14 
  57    SA   2.89e+12    2.89e+13    2.89e+14    8.12e+14    8.12e+14    8.12e+14    8.12e+14 
  58    SA   2.89e+12    2.89e+13    2.89e+14    8.26e+14    8.26e+14    8.26e+14    8.26e+14 
  59    SA   2.89e+12    2.89e+13    2.89e+14    8.40e+14    8.40e+14    8.40e+14    8.40e+14 
  60    SA   2.89e+12    2.89e+13    2.89e+14    8.54e+14    8.54e+14    8.54e+14    8.54e+14 
  61    SA   2.89e+12    2.89e+13    2.89e+14    8.68e+14    8.68e+14    8.68e+14    8.68e+14 
  62    SA   2.89e+12    2.89e+13    2.89e+14    8.82e+14    8.82e+14    8.82e+14    8.82e+14 
  63    SA   2.89e+12    2.89e+13    2.89e+14    8.96e+14    8.96e+14    8.96e+14    8.96e+14 
  64    SA   2.89e+12    2.89e+13    2.89e+14    9.10e+14    9.10e+14    9.10e+14    9.10e+14 
  65    SA   2.89e+12    2.89e+13    2.89e+14    9.24e+14    9.24e+14    9.24e+14    9.24e+14 
  66    SA   2.89e+12    2.89e+13    2.89e+14    9.38e+14    9.38e+14    9.38e+14    9.38e+14 
  67    SA   2.89e+12    2.89e+13    2.89e+14    9.52e+14    9.52e+14    9.52e+14    9.52e+14 
  68    SA   2.89e+12    2.89e+13    2.89e+14    9.65e+14    9.65e+14    9.65e+14    9.65e+14 
  69    SA   2.89e+12    2.89e+13    2.89e+14    9.79e+14    9.79e+14    9.79e+14    9.79e+14 
  70    SA   2.89e+12    2.89e+13    2.89e+14    9.93e+14    9.93e+14    9.93e+14    9.93e+14 
  71    SA   2.89e+12    2.89e+13    2.89e+14    1.01e+15    1.01e+15    1.01e+15    1.01e+15 
  72    SA   2.89e+12    2.89e+13    2.89e+14    1.02e+15    1.02e+15    1.02e+15    1.02e+15 
  73    SA   2.89e+12    2.89e+13    2.89e+14    1.04e+15    1.04e+15    1.04e+15    1.04e+15 
  74    SA   2.89e+12    2.89e+13    2.89e+14    1.05e+15    1.05e+15    1.05e+15    1.05e+15 
  75    SA   2.89e+12    2.89e+13    2.89e+14    1.06e+15    1.06e+15    1.06e+15    1.06e+15 
  76    SA   2.89e+12    2.89e+13    2.89e+14    1.08e+15    1.08e+15    1.08e+15    1.08e+15 
  77    SA   2.89e+12    2.89e+13    2.89e+14    1.09e+15    1.09e+15    1.09e+15    1.09e+15 
  78    SA   2.89e+12    2.89e+13    2.89e+14    1.11e+15    1.11e+15    1.11e+15    1.11e+15 
  79    SA   2.89e+12    2.89e+13    2.89e+14    1.12e+15    1.12e+15    1.12e+15    1.12e+15 
  80    SA   2.89e+12    2.89e+13    2.89e+14    1.13e+15    1.13e+15    1.13e+15    1.13e+15 
  81    SA   2.89e+12    2.89e+13    2.89e+14    1.15e+15    1.15e+15    1.15e+15    1.15e+15 
  82    SA   2.89e+12    2.89e+13    2.89e+14    1.16e+15    1.16e+15    1.16e+15    1.16e+15 
  83    SA   2.89e+12    2.89e+13    2.89e+14    1.18e+15    1.18e+15    1.18e+15    1.18e+15 
  84    SA   2.89e+12    2.89e+13    2.89e+14    1.19e+15    1.19e+15    1.19e+15    1.19e+15 
  85    SA   2.89e+12    2.89e+13    2.89e+14    1.20e+15    1.20e+15    1.20e+15    1.20e+15 
  86    SA   2.89e+12    2.89e+13    2.89e+14    1.22e+15    1.22e+15    1.22e+15    1.22e+15 
  87    SA   2.89e+12    2.89e+13    2.89e+14    1.23e+15    1.23e+15    1.23e+15    1.23e+15 
  88    SA   2.89e+12    2.89e+13    2.89e+14    1.25e+15    1.25e+15    1.25e+15    1.25e+15 
  89    SA   2.89e+12    2.89e+13    2.89e+14    1.26e+15    1.26e+15    1.26e+15    1.26e+15 
  90    SA   2.89e+12    2.89e+13    2.89e+14    1.27e+15    1.27e+15    1.27e+15    1.27e+15 
  91    SA   2.89e+12    2.89e+13    2.89e+14    1.29e+15    1.29e+15    1.29e+15    1.29e+15 
  92    SA   2.89e+12    2.89e+13    2.89e+14    1.30e+15    1.30e+15    1.30e+15    1.30e+15 
  93    SA   2.89e+12    2.89e+13    2.89e+14    1.32e+15    1.32e+15    1.32e+15    1.32e+15 
  94    SA   2.89e+12    2.89e+13    2.89e+14    1.33e+15    1.33e+15    1.33e+15    1.33e+15 
  95    SA   2.89e+12    2.89e+13    2.89e+14    1.34e+15    1.34e+15    1.34e+15    1.34e+15 
  96    SA   2.89e+12    2.89e+13    2.89e+14    1.36e+15    1.36e+15    1.36e+15    1.36e+15 
  97    SA   2.89e+12    2.89e+13    2.89e+14    1.37e+15    1.37e+15    1.37e+15    1.37e+15 
  98    SA   2.89e+12    2.89e+13    2.89e+14    1.39e+15    1.39e+15    1.39e+15    1.39e+15 
  99    SA   2.89e+12    2.89e+13    2.89e+14    1.40e+15    1.40e+15    1.40e+15    1.40e+15 
 100    SA   2.89e+12    2.89e+13    2.89e+14    1.41e+15    1.41e+15    1.41e+15    1.41e+15 
 101    SA   2.89e+12    2.89e+13    2.89e+14    1.43e+15    1.43e+15    1.43e+15    1.43e+15 
 102    SA   2.89e+12*   2.89e+13    2.89e+14    1.44e+15    1.44e+15    1.44e+15    1.44e+15 
 103    SA   2.89e+12    2.89e+13    2.89e+14    1.46e+15    1.46e+15    1.46e+15    1.46e+15 
 104    SA   2.89e+12    2.89e+13    2.89e+14    1.47e+15    1.47e+15    1.47e+15    1.47e+15 
 105    SA   2.89e+12    2.89e+13    2.89e+14    1.48e+15    1.48e+15    1.48e+15    1.48e+15 
 106    SA   2.89e+12    2.89e+13    2.89e+14    1.50e+15    1.50e+15    1.50e+15    1.50e+15 
 107    SA   2.89e+12    2.89e+13    2.89e+14    1.51e+15    1.51e+15    1.51e+15    1.51e+15 
 108    SA   2.89e+12    2.89e+13    2.89e+14    1.53e+15    1.53e+15    1.53e+15    1.53e+15 
 109    SA   2.89e+12    2.89e+13    2.89e+14    1.54e+15    1.54e+15    1.54e+15    1.54e+15 
 110    SA   2.89e+12    2.89e+13    2.89e+14    1.55e+15    1.55e+15    1.55e+15    1.55e+15 
 111    SA   2.89e+12    2.89e+13    2.89e+14    1.57e+15    1.57e+15    1.57e+15    1.57e+15 
 112    SA   2.89e+12    2.89e+13    2.89e+14    1.58e+15    1.58e+15    1.58e+15    1.58e+15 
 113    SA   2.89e+12    2.89e+13    2.89e+14    1.60e+15    1.60e+15    1.60e+15    1.60e+15 
 114    SA   2.89e+12    2.89e+13    2.89e+14    1.61e+15    1.61e+15    1.61e+15    1.61e+15 
 115    SA   2.89e+12    2.89e+13    2.89e+14    1.62e+15    1.62e+15    1.62e+15    1.62e+15 
 116    SA   2.89e+12    2.89e+13    2.89e+14    1.64e+15    1.64e+15    1.64e+15    1.64e+15 
 117    SA   2.89e+12    2.89e+13    2.89e+14    1.65e+15    1.65e+15    1.65e+15    1.65e+15 
 118    SA   2.89e+12    2.89e+13    2.89e+14    1.67e+15    1.67e+15    1.67e+15    1.67e+15 
 119    SA   2.89e+12    2.89e+13    2.89e+14    1.68e+15    1.68e+15    1.68e+15    1.68e+15 
 120    SA   2.89e+12    2.89e+13    2.89e+14    1.69e+15    1.69e+15    1.69e+15    1.69e+15 
 121    SA   2.89e+12    2.89e+13    2.89e+14    1.71e+15    1.71e+15    1.71e+15    1.71e+15 
 122    SA   2.89e+12    2.89e+13    2.89e+14    1.72e+15    1.72e+15    1.72e+15    1.72e+15 
 123    SA   2.89e+12    2.89e+13    2.89e+14    1.74e+15    1.74e+15    1.74e+15    1.74e+15 
 124    SA   2.89e+12    2.89e+13    2.89e+14    1.75e+15    1.75e+15    1.75e+15    1.75e+15 
 125    SA   2.89e+12    2.89e+13    2.89e+14    1.76e+15    1.76e+15    1.76e+15    1.76e+15 
 126    SA   2.89e+12    2.89e+13    2.89e+14    1.78e+15    1.78e+15    1.78e+15    1.78e+15 
 127    SA   2.89e+12    2.89e+13    2.89e+14    1.79e+15    1.79e+15    1.79e+15    1.79e+15 
 128    SA   2.89e+12    2.89e+13    2.89e+14    1.81e+15    1.81e+15    1.81e+15    1.81e+15 
 129    SA   2.89e+12    2.89e+13    2.89e+14    1.82e+15    1.82e+15    1.82e+15    1.82e+15 
 130    SA   2.89e+12    2.89e+13    2.89e+14    1.83e+15    1.83e+15    1.83e+15    1.83e+15 
 131    SA   2.89e+12    2.89e+13    2.89e+14    1.85e+15    1.85e+15    1.85e+15    1.85e+15 
 132    SA   2.89e+12    2.89e+13    2.89e+14    1.86e+15    1.86e+15    1.86e+15    1.86e+15 
 133    SA   2.89e+12    2.89e+13    2.89e+14    1.88e+15    1.88e+15    1.88e+15    1.88e+15 
 134    SA   2.89e+12    2.89e+13    2.89e+14    1.89e+15    1.89e+15    1.89e+15    1.89e+15 
 135    SA   2.89e+12    2.89e+13    2.89e+14    1.90e+15    1.90e+15    1.90e+15    1.90e+15 
 136    SA   2.89e+12    2.89e+13    2.89e+14    1.92e+15    1.92e+15    1.92e+15    1.92e+15 
 137    SA   2.89e+12    2.89e+13    2.89e+14    1.93e+15    1.93e+15    1.93e+15    1.93e+15 
 138    SA   2.89e+12    2.89e+13    2.89e+14    1.94e+15    1.94e+15    1.94e+15    1.94e+15 
 139    SA   2.89e+12    2.89e+13    2.89e+14    1.96e+15    1.96e+15    1.96e+15    1.96e+15 
 140    SA   2.89e+12    2.89e+13    2.89e+14    1.97e+15    1.97e+15    1.97e+15    1.97e+15 
 141    SA   2.89e+12    2.89e+13    2.89e+14    1.99e+15    1.99e+15    1.99e+15    1.99e+15 
 142    SA   2.89e+12    2.89e+13    2.89e+14    2.00e+15    2.00e+15    2.00e+15    2.00e+15 
 143    SA   2.89e+12    2.89e+13    2.89e+14    2.01e+15    2.01e+15    2.01e+15    2.01e+15 
 144    SA   2.89e+12    2.89e+13    2.89e+14    2.03e+15    2.03e+15    2.03e+15    2.03e+15 
 145    SA   2.89e+12    2.89e+13    2.89e+14    2.04e+15    2.04e+15    2.04e+15    2.04e+15 
 146    SA   2.89e+12    2.89e+13    2.89e+14    2.06e+15    2.06e+15    2.06e+15    2.06e+15 
 147    SA   2.89e+12    2.89e+13    2.89e+14    2.07e+15    2.07e+15    2.07e+15    2.07e+15 
 148    SA   2.89e+12    2.89e+13    2.89e+14    2.08e+15    2.08e+15    2.08e+15    2.08e+15 
 149    SA   2.89e+12    2.89e+13    2.89e+14    2.10e+15    2.10e+15    2.10e+15    2.10e+15 
 150    SA   2.89e+12    2.89e+13    2.89e+14    2.11e+15    2.11e+15    2.11e+15    2.11e+15 
 151    SA   2.89e+12    2.89e+13    2.89e+14    2.13e+15    2.13e+15    2.13e+15    2.13e+15 
 152    SA   2.89e+12    2.89e+13    2.89e+14    2.14e+15    2.14e+15    2.14e+15    2.14e+15 
 153    SA   2.89e+12    2.89e+13    2.89e+14    2.15e+15    2.15e+15    2.15e+15    2.15e+15 
 154    SA   2.89e+12    2.89e+13    2.89e+14    2.17e+15    2.17e+15    2.17e+15    2.17e+15 
 155    SA   2.89e+12    2.89e+13    2.89e+14    2.18e+15    2.18e+15    2.18e+15    2.18e+15 
 156    SA   2.89e+12    2.89e+13    2.89e+14    2.20e+15    2.20e+15    2.20e+15    2.20e+15 
 157    SA   2.89e+12    2.89e+13    2.89e+14    2.21e+15    2.21e+15    2.21e+15    2.21e+15 
 158    SA   2.89e+12    2.89e+13    2.89e+14    2.22e+15    2.22e+15    2.22e+15    2.22e+15 
 159    SA   2.89e+12    2.89e+13    2.89e+14    2.24e+15    2.24e+15    2.24e+15    2.24e+15 
 160    SA   2.89e+12    2.89e+13    2.89e+14    2.25e+15    2.25e+15    2.25e+15    2.25e+15 
 161    SA   2.89e+12    2.89e+13    2.89e+14    2.27e+15    2.27e+15    2.27e+15    2.27e+15 
 162    SA   2.89e+12    2.89e+13    2.89e+14    2.28e+15    2.28e+15    2.28e+15    2.28e+15 
 163    SA   2.89e+12    2.89e+13    2.89e+14    2.29e+15    2.29e+15    2.29e+15    2.29e+15 
 164    SA   2.89e+12    2.89e+13    2.89e+14    2.31e+15    2.31e+15    2.31e+15    2.31e+15 
 165    SA   2.89e+12    2.89e+13    2.89e+14    2.32e+15    2.32e+15    2.32e+15    2.32e+15 
 166    SA   2.89e+12    2.89e+13    2.89e+14    2.34e+15    2.34e+15    2.34e+15    2.34e+15 
 167    SA   2.89e+12    2.89e+13    2.89e+14    2.35e+15    2.35e+15    2.35e+15    2.35e+15 
 168    SA   2.89e+12    2.89e+13    2.89e+14    2.36e+15    2.36e+15    2.36e+15    2.36e+15 
 169    SA   2.89e+12    2.89e+13    2.89e+14    2.38e+15    2.38e+15    2.38e+15    2.38e+15 
 170    SA   2.89e+12    2.89e+13    2.89e+14    2.39e+15    2.39e+15    2.39e+15    2.39e+15 
 171    SA   2.89e+12    2.89e+13    2.89e+14    2.41e+15    2.41e+15    2.41e+15    2.41e+15 
 172    SA   2.89e+12    2.89e+13    2.89e+14    2.42e+15    2.42e+15    2.42e+15    2.42e+15 
 173    SA   2.89e+12    2.89e+13    2.89e+14    2.43e+15    2.43e+15    2.43e+15    2.43e+15 
 174    SA   2.89e+12    2.89e+13    2.89e+14    2.45e+15    2.45e+15    2.45e+15    2.45e+15 
 175    SA   2.89e+12    2.89e+13    2.89e+14    2.46e+15    2.46e+15    2.46e+15    2.46e+15 
 176    SA   2.89e+12    2.89e+13    2.89e+14    2.48e+15    2.48e+15    2.48e+15    2.48e+15 
 177    SA   2.89e+12    2.89e+13    2.89e+14    2.49e+15    2.49e+15    2.49e+15    2.49e+15 
 178    SA   2.89e+12    2.89e+13    2.89e+14    2.50e+15    2.50e+15    2.50e+15    2.50e+15 
 179    SA   2.89e+12    2.89e+13    2.89e+14    2.52e+15    2.52e+15    2.52e+15    2.52e+15 
 180    SA   2.89e+12    2.89e+13*   2.89e+14    2.53e+15    2.53e+15    2.53e+15    2.53e+15 
 181    SA   2.89e+12    2.89e+13    2.89e+14    2.55e+15    2.55e+15    2.55e+15    2.55e+15 
 182    SA   2.89e+12    2.89e+13    2.89e+14    2.56e+15    2.56e+15    2.56e+15    2.56e+15 
 183    SA   2.89e+12    2.89e+13    2.89e+14    2.57e+15    2.57e+15    2.57e+15    2.57e+15 
 184    SA   2.89e+12    2.89e+13    2.89e+14    2.59e+15    2.59e+15    2.59e+15    2.59e+15 
 185    SA   2.89e+12    2.89e+13    2.89e+14    2.60e+15    2.60e+15    2.60e+15    2.60e+15 
 186    SA   2.89e+12    2.89e+13    2.89e+14    2.62e+15    2.62e+15    2.62e+15    2.62e+15 
 187    SA   2.89e+12    2.89e+13    2.89e+14    2.63e+15    2.63e+15    2.63e+15    2.63e+15 
 188    SA   2.89e+12    2.89e+13    2.89e+14    2.64e+15    2.64e+15    2.64e+15    2.64e+15 
 189    SA   2.89e+12    2.89e+13    2.89e+14    2.66e+15    2.66e+15    2.66e+15    2.66e+15 
 190    SA   2.89e+12    2.89e+13    2.89e+14    2.67e+15    2.67e+15    2.67e+15    2.67e+15 
 191    SA   2.89e+12    2.89e+13    2.89e+14    2.69e+15    2.69e+15    2.69e+15    2.69e+15 
 192    SA   2.89e+12    2.89e+13    2.89e+14    2.70e+15    2.70e+15    2.70e+15    2.70e+15 
 193    SA   2.89e+12    2.89e+13    2.89e+14    2.71e+15    2.71e+15    2.71e+15    2.71e+15 
 194    SA   2.89e+12    2.89e+13    2.89e+14    2.73e+15    2.73e+15    2.73e+15    2.73e+15 
 195    SA   2.89e+12    2.89e+13    2.89e+14    2.74e+15    2.74e+15    2.74e+15    2.74e+15 
 196    SA   2.89e+12    2.89e+13    2.89e+14    2.76e+15    2.76e+15    2.76e+15    2.76e+15 
 197    SA   2.89e+12    2.89e+13    2.89e+14    2.77e+15    2.77e+15    2.77e+15    2.77e+15 
 198    SA   2.89e+12    2.89e+13    2.89e+14    2.78e+15    2.78e+15    2.78e+15    2.78e+15 
 199    SA   2.89e+12    2.89e+13    2.89e+14    2.80e+15    2.80e+15    2.80e+15    2.80e+15 
 200    SA   2.89e+12    2.89e+13    2.89e+14    2.81e+15    2.81e+15    2.81e+15    2.81e+15 
 201    SA   2.89e+12    2.89e+13    2.89e+14    2.83e+15    2.83e+15    2.83e+15    2.83e+15 
 202    SA   2.89e+12    2.89e+13    2.89e+14    2.84e+15    2.84e+15    2.84e+15    2.84e+15 
 203    SA   2.89e+12    2.89e+13    2.89e+14    2.85e+15    2.85e+15    2.85e+15    2.85e+15 
 204    SA   2.89e+12    2.89e+13    2.89e+14    2.87e+15    2.87e+15    2.87e+15    2.87e+15 
 205    SA   2.89e+12    2.89e+13    2.89e+14    2.88e+15    2.88e+15    2.88e+15    2.88e+15 
 206    SA   2.89e+12    2.89e+13    2.89e+14    2.89e+15    2.90e+15    2.90e+15    2.90e+15 
 207    SA   2.89e+12    2.89e+13    2.89e+14    2.89e+15    2.91e+15    2.91e+15    2.91e+15 
 208    SA   2.89e+12    2.89e+13    2.89e+14    2.89e+15    2.92e+15    2.92e+15    2.92e+15 
 209    SA   2.89e+12    2.89e+13    2.89e+14    2.89e+15    2.94e+15    2.94e+15    2.94e+15 
 210    SA   2.89e+12    2.89e+13    2.89e+14    2.89e+15    2.95e+15    2.95e+15    2.95e+15 
 211    SA   2.89e+12    2.89e+13    2.89e+14    2.89e+15    2.97e+15    2.97e+15    2.97e+15 
 212    SA   2.89e+12    2.89e+13    2.89e+14    2.89e+15*   2.98e+15    2.98e+15    2.98e+15 
 213    SA   2.89e+12    2.89e+13    2.89e+14    2.89e+15    2.99e+15    2.99e+15    2.99e+15 
 214    SA   2.89e+12    2.89e+13    2.89e+14    2.89e+15    3.01e+15    3.01e+15    3.01e+15 
 215    SA   2.89e+12    2.89e+13    2.89e+14    2.89e+15    3.02e+15    3.02e+15    3.02e+15 
 216    SA   2.89e+12    2.89e+13    2.89e+14    2.89e+15    3.04e+15    3.04e+15    3.04e+15 
 217    SA   2.89e+12    2.89e+13    2.89e+14    2.89e+15    3.05e+15    3.05e+15    3.05e+15 
 218    SA   2.89e+12    2.89e+13    2.89e+14    2.89e+15    3.06e+15    3.06e+15    3.06e+15 
 219    SA   2.89e+12    2.89e+13    2.89e+14    2.89e+15    3.08e+15    3.08e+15    3.08e+15 
 220    SA   2.89e+12    2.89e+13    2.89e+14    2.89e+15    3.09e+15    3.09e+15    3.09e+15 
 221    SA   2.89e+12    2.89e+13    2.89e+14    2.89e+15    3.11e+15    3.11e+15    3.11e+15 
 222    SA   2.89e+12    2.89e+13    2.89e+14    2.89e+15    3.12e+15    3.12e+15    3.12e+15 
 223    SA   2.89e+12    2.89e+13    2.89e+14    2.89e+15    3.13e+15    3.13e+15    3.13e+15 
 224    SA   2.89e+12    2.89e+13    2.89e+14    2.89e+15    3.15e+15    3.15e+15    3.15e+15 
 225    SA   2.89e+12    2.89e+13    2.89e+14    2.89e+15    3.16e+15    3.16e+15    3.16e+15 
 226    SA   2.89e+12    2.89e+13    2.89e+14    2.89e+15    3.18e+15    3.18e+15    3.18e+15 
 227    SA   2.89e+12    2.89e+13    2.89e+14    2.89e+15    3.19e+15    3.19e+15    3.19e+15 
 228    SA   2.89e+12    2.89e+13    2.89e+14    2.89e+15    3.20e+15    3.20e+15    3.20e+15 
 229    SA   2.89e+12    2.89e+13    2.89e+14    2.89e+15    3.22e+15    3.22e+15    3.22e+15 
 230    SA   2.89e+12    2.89e+13    2.89e+14    2.89e+15    3.23e+15    3.23e+15    3.23e+15 
 231    SA   2.89e+12    2.89e+13    2.89e+14    2.89e+15    3.25e+15    3.25e+15    3.25e+15 
 232    SA   2.89e+12    2.89e+13    2.89e+14    2.89e+15    3.26e+15    3.26e+15    3.26e+15 
 233    SA   2.89e+12    2.89e+13    2.89e+14    2.89e+15    3.27e+15    3.27e+15    3.27e+15 
 234    SA   2.89e+12    2.89e+13    2.89e+14    2.89e+15    3.29e+15    3.29e+15    3.29e+15 
 235    SA   2.89e+12    2.89e+13    2.89e+14    2.89e+15    3.30e+15    3.30e+15    3.30e+15 
 236    SA   2.89e+12    2.89e+13    2.89e+14    2.89e+15    3.32e+15    3.32e+15    3.32e+15 
 237    SA   2.89e+12    2.89e+13    2.89e+14    2.89e+15    3.33e+15    3.33e+15    3.33e+15 
 238    SA   2.89e+12    2.89e+13    2.89e+14    2.89e+15    3.34e+15    3.34e+15    3.34e+15 
 239    SA   2.89e+12    2.89e+13    2.89e+14    2.89e+15    3.36e+15    3.36e+15    3.36e+15 
 240    SA   2.89e+12    2.89e+13    2.89e+14    2.89e+15    3.37e+15    3.37e+15    3.37e+15 
 241    SA   2.89e+12    2.89e+13    2.89e+14    2.89e+15    3.39e+15    3.39e+15    3.39e+15 
 242    SA   2.89e+12    2.89e+13    2.89e+14    2.89e+15    3.40e+15    3.40e+15    3.40e+15 
 243    SA   2.89e+12    2.89e+13    2.89e+14    2.89e+15    3.41e+15    3.41e+15    3.41e+15 
 244    SA   2.89e+12    2.89e+13    2.89e+14    2.89e+15    3.43e+15    3.43e+15    3.43e+15 
 245    SA   2.89e+12    2.89e+13    2.89e+14    2.89e+15    3.44e+15    3.44e+15    3.44e+15 
 246    SA   2.89e+12    2.89e+13    2.89e+14    2.89e+15    3.46e+15    3.46e+15    3.46e+15 
 247    SA   2.89e+12    2.89e+13    2.89e+14    2.89e+15    3.47e+15    3.47e+15    3.47e+15 
 248    SA   2.89e+12    2.89e+13    2.89e+14    2.89e+15    3.48e+15    3.48e+15    3.48e+15 
 249    SA   2.89e+12    2.89e+13    2.89e+14    2.89e+15    3.50e+15    3.50e+15    3.50e+15 
 250    SA   2.89e+12    2.89e+13    2.89e+14    2.89e+15    3.51e+15    3.51e+15    3.51e+15 
 251    SA   2.89e+12    2.89e+13    2.89e+14    2.89e+15    3.53e+15    3.53e+15    3.53e+15 
 252    SA   2.89e+12    2.89e+13    2.89e+14    2.89e+15    3.54e+15    3.54e+15    3.54e+15 
 253    SA   2.89e+12    2.89e+13    2.89e+14    2.89e+15    3.55e+15    3.55e+15    3.55e+15 
 254    SA   2.89e+12    2.89e+13    2.89e+14    2.89e+15    3.57e+15    3.57e+15    3.57e+15 
 255    SA   2.89e+12    2.89e+13    2.89e+14    2.89e+15    3.58e+15    3.58e+15    3.58e+15 
 256    SA   2.89e+12    2.89e+13    2.89e+14    2.89e+15    3.60e+15    3.60e+15    3.60e+15 
 257    SA   2.89e+12    2.89e+13    2.89e+14    2.89e+15    3.61e+15    3.61e+15    3.61e+15 
 258    SA   2.89e+12    2.89e+13    2.89e+14    2.89e+15    3.62e+15    3.62e+15    3.62e+15 
 259    SA   2.89e+12    2.89e+13    2.89e+14    2.89e+15    3.64e+15    3.64e+15    3.64e+15 
 260    SA   2.89e+12    2.89e+13    2.89e+14    2.89e+15    3.65e+15    3.65e+15    3.65e+15 
 261    SA   2.89e+12    2.89e+13    2.89e+14    2.89e+15    3.67e+15    3.67e+15    3.67e+15 
 262    SA   2.89e+12    2.89e+13    2.89e+14    2.89e+15    3.68e+15    3.68e+15    3.68e+15 
 263    SA   2.89e+12    2.89e+13    2.89e+14    2.89e+15    3.69e+15    3.69e+15    3.69e+15 
 264    SA   2.89e+12    2.89e+13    2.89e+14    2.89e+15    3.71e+15    3.71e+15    3.71e+15 
 265    SA   2.89e+12    2.89e+13    2.89e+14    2.89e+15    3.72e+15    3.72e+15    3.72e+15 
 266    SA   2.89e+12    2.89e+13    2.89e+14    2.89e+15    3.74e+15    3.74e+15    3.74e+15 
 267    SA   2.89e+12    2.89e+13    2.89e+14    2.89e+15    3.75e+15    3.75e+15    3.75e+15 
 268    SA   2.89e+12    2.89e+13    2.89e+14    2.89e+15    3.76e+15    3.76e+15    3.76e+15 
 269    SA   2.89e+12    2.89e+13    2.89e+14    2.89e+15    3.78e+15    3.78e+15    3.78e+15 
 270    SA   2.89e+12    2.89e+13    2.89e+14    2.89e+15    3.79e+15    3.79e+15    3.79e+15 
 271    SA   2.89e+12    2.89e+13    2.89e+14    2.89e+15    3.81e+15    3.81e+15    3.81e+15 
 272    SA   2.89e+12    2.89e+13    2.89e+14    2.89e+15    3.82e+15    3.82e+15    3.82e+15 
 273    SA   2.89e+12    2.89e+13    2.89e+14    2.89e+15    3.83e+15    3.83e+15    3.83e+15 
 274    SA   2.89e+12    2.89e+13    2.89e+14    2.89e+15    3.85e+15    3.85e+15    3.85e+15 
 275    SA   2.89e+12    2.89e+13    2.89e+14    2.89e+15    3.86e+15    3.86e+15    3.86e+15 
 276    SA   2.89e+12    2.89e+13    2.89e+14    2.89e+15    3.88e+15    3.88e+15    3.88e+15 
 277    SA   2.89e+12    2.89e+13    2.89e+14    2.89e+15    3.89e+15    3.89e+15    3.89e+15 
 278    SA   2.89e+12    2.89e+13    2.89e+14    2.89e+15    3.90e+15    3.90e+15    3.90e+15 
 279    SA   2.89e+12    2.89e+13    2.89e+14    2.89e+15    3.92e+15    3.92e+15    3.92e+15 
 280    SA   2.89e+12    2.89e+13    2.89e+14    2.89e+15    3.93e+15    3.93e+15    3.93e+15 
 281    SA   2.89e+12    2.89e+13    2.89e+14    2.89e+15    3.95e+15    3.95e+15    3.95e+15 
 282    SA   2.89e+12    2.89e+13    2.89e+14    2.89e+15    3.96e+15    3.96e+15    3.96e+15 
 283    SA   2.89e+12    2.89e+13    2.89e+14    2.89e+15    3.97e+15    3.97e+15    3.97e+15 
 284    SA   2.89e+12    2.89e+13    2.89e+14    2.89e+15    3.99e+15    3.99e+15    3.99e+15 
 285    SA   2.89e+12    2.89e+13    2.89e+14    2.89e+15    4.00e+15    4.00e+15    4.00e+15 
 286    SA   2.89e+12    2.89e+13    2.89e+14    2.89e+15    4.02e+15    4.02e+15    4.02e+15 
 287    SA   2.89e+12    2.89e+13    2.89e+14    2.89e+15    4.03e+15    4.03e+15    4.03e+15 
 288    SA   2.89e+12    2.89e+13    2.89e+14    2.89e+15    4.04e+15    4.04e+15    4.04e+15 
 289    SA   2.89e+12    2.89e+13    2.89e+14    2.89e+15    4.06e+15    4.06e+15    4.06e+15 
 290    SA   2.89e+12    2.89e+13    2.89e+14    2.89e+15    4.07e+15    4.07e+15    4.07e+15 
 291    SA   2.89e+12    2.89e+13    2.89e+14    2.89e+15    4.09e+15    4.09e+15    4.09e+15 
 292    SA   2.89e+12    2.89e+13    2.89e+14    2.89e+15    4.10e+15    4.10e+15    4.10e+15 
 293    SA   2.89e+12    2.89e+13    2.89e+14    2.89e+15    4.11e+15    4.11e+15    4.11e+15 
 294    SA   2.89e+12    2.89e+13    2.89e+14    2.89e+15    4.13e+15    4.13e+15    4.13e+15 
 295    SA   2.89e+12    2.89e+13    2.89e+14    2.89e+15    4.14e+15    4.14e+15    4.14e+15 
 296    SA   2.89e+12    2.89e+13    2.89e+14    2.89e+15    4.16e+15    4.16e+15    4.16e+15 
 297    SA   2.89e+12    2.89e+13    2.89e+14    2.89e+15    4.17e+15    4.17e+15    4.17e+15 
 298    SA   2.89e+12    2.89e+13    2.89e+14    2.89e+15    4.18e+15    4.18e+15    4.18e+15 
 299    SA   2.89e+12    2.89e+13    2.89e+14    2.89e+15    4.20e+15    4.20e+15    4.20e+15 
 300    SA   2.89e+12    2.89e+13    2.89e+14    2.89e+15    4.21e+15    4.21e+15    4.21e+15 
 301    SA   2.89e+12    2.89e+13    2.89e+14    2.89e+15    4.23e+15    4.23e+15    4.23e+15 
 302    SA   2.89e+12    2.89e+13    2.89e+14    2.89e+15    4.24e+15    4.24e+15    4.24e+15 
 303    SA   2.89e+12    2.89e+13    2.89e+14    2.89e+15    4.25e+15    4.25e+15    4.25e+15 
 304    SA   2.89e+12    2.89e+13    2.89e+14    2.89e+15    4.27e+15    4.27e+15    4.27e+15 
 305    SA   2.89e+12    2.89e+13    2.89e+14    2.89e+15    4.28e+15    4.28e+15    4.28e+15 
 306    SA   2.89e+12    2.89e+13    2.89e+14    2.89e+15    4.30e+15    4.30e+15    4.30e+15 
 307    SA   2.89e+12    2.89e+13    2.89e+14    2.89e+15    4.31e+15    4.31e+15    4.31e+15 
 308    SA   2.89e+12    2.89e+13    2.89e+14    2.89e+15    4.32e+15    4.32e+15    4.32e+15 
 309    SA   2.89e+12    2.89e+13    2.89e+14    2.89e+15    4.34e+15    4.34e+15    4.34e+15 
 310    SA   2.89e+12    2.89e+13    2.89e+14    2.89e+15    4.35e+15    4.35e+15    4.35e+15 
 311    SA   2.89e+12    2.89e+13    2.89e+14    2.89e+15    4.37e+15    4.37e+15    4.37e+15 
 312    SA   2.89e+12    2.89e+13    2.89e+14    2.89e+15    4.38e+15    4.38e+15    4.38e+15 
 313    SA   2.89e+12    2.89e+13    2.89e+14    2.89e+15    4.39e+15    4.39e+15    4.39e+15 
 314    SA   2.89e+12    2.89e+13    2.89e+14    2.89e+15    4.41e+15    4.41e+15    4.41e+15 
 315    SA   2.89e+12    2.89e+13    2.89e+14    2.89e+15    4.42e+15    4.42e+15    4.42e+15 
 316    SA   2.89e+12    2.89e+13    2.89e+14    2.89e+15    4.44e+15    4.44e+15    4.44e+15 
 317    SA   2.89e+12    2.89e+13    2.89e+14    2.89e+15    4.45e+15    4.45e+15    4.45e+15 
 318    SA   2.89e+12    2.89e+13    2.89e+14    2.89e+15    4.46e+15    4.46e+15    4.46e+15 
 319    SA   2.89e+12    2.89e+13    2.89e+14    2.89e+15    4.48e+15    4.48e+15    4.48e+15 
 320    SA   2.89e+12    2.89e+13    2.89e+14    2.89e+15    4.49e+15    4.49e+15    4.49e+15 
 321    SA   2.89e+12    2.89e+13    2.89e+14    2.89e+15    4.51e+15    4.51e+15    4.51e+15 
 322    SA   2.89e+12    2.89e+13    2.89e+14    2.89e+15    4.52e+15    4.52e+15    4.52e+15 
 323    SA   2.89e+12    2.89e+13    2.89e+14    2.89e+15    4.53e+15    4.53e+15    4.53e+15 
 324    SA   2.89e+12    2.89e+13    2.89e+14    2.89e+15    4.55e+15    4.55e+15    4.55e+15 
 325    SA   2.89e+12    2.89e+13    2.89e+14    2.89e+15    4.56e+15    4.56e+15    4.56e+15 
 326    SA   2.89e+12    2.89e+13    2.89e+14    2.89e+15    4.58e+15    4.58e+15    4.58e+15 
 327    SA   2.89e+12    2.89e+13    2.89e+14    2.89e+15    4.59e+15    4.59e+15    4.59e+15 
 328    SA   2.89e+12    2.89e+13    2.89e+14    2.89e+15    4.60e+15    4.60e+15    4.60e+15 
 329    SA   2.89e+12    2.89e+13    2.89e+14    2.89e+15    4.62e+15    4.62e+15    4.62e+15 
 330    SA   2.89e+12    2.89e+13    2.89e+14    2.89e+15    4.63e+15    4.63e+15    4.63e+15 
 331    SA   2.89e+12    2.89e+13    2.89e+14    2.89e+15    4.65e+15    4.65e+15    4.65e+15 
 332    SA   2.89e+12    2.89e+13    2.89e+14    2.89e+15    4.66e+15    4.66e+15    4.66e+15 
 333    SA   2.89e+12    2.89e+13    2.89e+14    2.89e+15    4.67e+15    4.67e+15    4.67e+15 
 334    SA   2.89e+12    2.89e+13    2.89e+14    2.89e+15    4.69e+15    4.69e+15    4.69e+15 
 335    SA   2.89e+12    2.89e+13    2.89e+14    2.89e+15    4.70e+15    4.70e+15    4.70e+15 
 336    SA   2.89e+12    2.89e+13    2.89e+14    2.89e+15    4.72e+15    4.72e+15    4.72e+15 
 337    SA   2.89e+12    2.89e+13    2.89e+14    2.89e+15    4.73e+15    4.73e+15    4.73e+15 
 338    SA   2.89e+12    2.89e+13    2.89e+14    2.89e+15    4.74e+15    4.74e+15    4.74e+15 
 339    SA   2.89e+12    2.89e+13    2.89e+14    2.89e+15    4.76e+15    4.76e+15    4.76e+15 
 340    SA   2.89e+12    2.89e+13    2.89e+14    2.89e+15    4.77e+15    4.77e+15    4.77e+15 
 341    SA   2.89e+12    2.89e+13    2.89e+14    2.89e+15    4.79e+15    4.79e+15    4.79e+15 
 342    SA   2.89e+12    2.89e+13    2.89e+14    2.89e+15    4.80e+15    4.80e+15    4.80e+15 
 343    SA   2.89e+12    2.89e+13    2.89e+14    2.89e+15    4.81e+15    4.81e+15    4.81e+15 
 344    SA   2.89e+12    2.89e+13    2.89e+14    2.89e+15    4.83e+15    4.83e+15    4.83e+15 
 345    SA   2.89e+12    2.89e+13    2.89e+14    2.89e+15    4.84e+15    4.84e+15    4.84e+15 
 346    SA   2.89e+12    2.89e+13    2.89e+14    2.89e+15    4.86e+15    4.86e+15    4.86e+15 
 347    SA   2.89e+12    2.89e+13    2.89e+14    2.89e+15    4.87e+15    4.87e+15    4.87e+15 
 348    SA   2.89e+12    2.89e+13    2.89e+14    2.89e+15    4.88e+15    4.88e+15    4.88e+15 
 349    SA   2.89e+12    2.89e+13    2.89e+14    2.89e+15    4.90e+15    4.90e+15    4.90e+15 
 350    SA   2.89e+12    2.89e+13    2.89e+14    2.89e+15    4.91e+15    4.91e+15    4.91e+15 
 351    SA   2.89e+12    2.89e+13    2.89e+14    2.89e+15    4.93e+15    4.93e+15    4.93e+15 
 352    SA   2.89e+12    2.89e+13    2.89e+14    2.89e+15    4.94e+15    4.94e+15    4.94e+15 
 353    SA   2.89e+12    2.89e+13    2.89e+14    2.89e+15    4.95e+15    4.95e+15    4.95e+15 
 354    SA   2.89e+12    2.89e+13    2.89e+14    2.89e+15    4.97e+15    4.97e+15    4.97e+15 
 355    SA   2.89e+12    2.89e+13    2.89e+14    2.89e+15    4.98e+15    4.98e+15    4.98e+15 
 356    SA   2.89e+12    2.89e+13    2.89e+14    2.89e+15    5.00e+15    5.00e+15    5.00e+15 
 357    SA   2.89e+12    2.89e+13    2.89e+14    2.89e+15    5.01e+15    5.01e+15    5.01e+15 
 358    SA   2.89e+12    2.89e+13    2.89e+14    2.89e+15    5.02e+15    5.02e+15    5.02e+15 
 359    SA   2.89e+12    2.89e+13    2.89e+14    2.89e+15    5.04e+15    5.04e+15    5.04e+15 
 360    SA   2.89e+12    2.89e+13    2.89e+14    2.89e+15    5.05e+15    5.05e+15    5.05e+15 
 361    SA   2.89e+12    2.89e+13    2.89e+14    2.89e+15    5.07e+15    5.07e+15    5.07e+15 
 362    SA   2.89e+12    2.89e+13    2.89e+14    2.89e+15    5.08e+15    5.08e+15    5.08e+15 
 363    SA   2.89e+12    2.89e+13    2.89e+14    2.89e+15    5.09e+15    5.09e+15    5.09e+15 
 364    SA   2.89e+12    2.89e+13    2.89e+14    2.89e+15    5.11e+15    5.11e+15    5.11e+15 
 365    SA   2.89e+12    2.89e+13    2.89e+14    2.89e+15    5.12e+15    5.12e+15    5.12e+15 
 366    SA   2.89e+12    2.89e+13    2.89e+14    2.89e+15    5.14e+15    5.14e+15    5.14e+15 
 367    SA   2.89e+12    2.89e+13    2.89e+14    2.89e+15    5.15e+15    5.15e+15    5.15e+15 
 368    SA   2.89e+12    2.89e+13    2.89e+14    2.89e+15    5.16e+15    5.16e+15    5.16e+15 
 369    SA   2.89e+12    2.89e+13    2.89e+14    2.89e+15    5.18e+15    5.18e+15    5.18e+15 
 370    SA   2.89e+12    2.89e+13    2.89e+14    2.89e+15    5.19e+15    5.19e+15    5.19e+15 
 371    SA   2.89e+12    2.89e+13    2.89e+14    2.89e+15    5.21e+15    5.21e+15    5.21e+15 
 372    SA   2.89e+12    2.89e+13    2.89e+14    2.89e+15    5.22e+15    5.22e+15    5.22e+15 
 373    SA   2.89e+12    2.89e+13    2.89e+14    2.89e+15    5.23e+15    5.23e+15    5.23e+15 
 374    SA   2.89e+12    2.89e+13    2.89e+14    2.89e+15    5.25e+15    5.25e+15    5.25e+15 
 375    SA   2.89e+12    2.89e+13    2.89e+14    2.89e+15    5.26e+15    5.26e+15    5.26e+15 
 376    SA   2.89e+12    2.89e+13    2.89e+14    2.89e+15    5.28e+15    5.28e+15    5.28e+15 
 377    SA   2.89e+12    2.89e+13    2.89e+14    2.89e+15    5.29e+15    5.29e+15    5.29e+15 
 378    SA   2.89e+12    2.89e+13    2.89e+14    2.89e+15    5.30e+15    5.30e+15    5.30e+15 
 379    SA   2.89e+12    2.89e+13    2.89e+14    2.89e+15    5.32e+15    5.32e+15    5.32e+15 
 380    SA   2.89e+12    2.89e+13    2.89e+14    2.89e+15    5.33e+15    5.33e+15    5.33e+15 
 381    SA   2.89e+12    2.89e+13    2.89e+14    2.89e+15    5.35e+15    5.35e+15    5.35e+15 
 382    SA   2.89e+12    2.89e+13    2.89e+14    2.89e+15    5.36e+15    5.36e+15    5.36e+15 
 383    SA   2.89e+12    2.89e+13    2.89e+14    2.89e+15    5.37e+15    5.37e+15    5.37e+15 
 384    SA   2.89e+12    2.89e+13    2.89e+14    2.89e+15    5.39e+15    5.39e+15    5.39e+15 
 385    SA   2.89e+12    2.89e+13    2.89e+14    2.89e+15    5.40e+15    5.40e+15    5.40e+15 
 386    SA   2.89e+12    2.89e+13    2.89e+14    2.89e+15    5.42e+15    5.42e+15    5.42e+15 
 387    SA   2.89e+12    2.89e+13    2.89e+14    2.89e+15    5.43e+15    5.43e+15    5.43e+15 
 388    SA   2.89e+12    2.89e+13    2.89e+14    2.89e+15    5.44e+15    5.44e+15    5.44e+15 
 389    SA   2.89e+12    2.89e+13    2.89e+14    2.89e+15    5.46e+15    5.46e+15    5.46e+15 
 390    SA   2.89e+12    2.89e+13    2.89e+14    2.89e+15    5.47e+15    5.47e+15    5.47e+15 
 391    SA   2.89e+12    2.89e+13    2.89e+14    2.89e+15    5.49e+15    5.49e+15    5.49e+15 
 392    SA   2.89e+12    2.89e+13    2.89e+14    2.89e+15    5.50e+15    5.50e+15    5.50e+15 
 393    SA   2.89e+12    2.89e+13    2.89e+14    2.89e+15    5.51e+15    5.51e+15    5.51e+15 
 394    SA   2.89e+12    2.89e+13    2.89e+14    2.89e+15    5.53e+15    5.53e+15    5.53e+15 
 395    SA   2.89e+12    2.89e+13    2.89e+14    2.89e+15    5.54e+15    5.54e+15    5.54e+15 
 396    SA   2.89e+12    2.89e+13    2.89e+14    2.89e+15    5.56e+15    5.56e+15    5.56e+15 
 397    SA   2.89e+12    2.89e+13    2.89e+14    2.89e+15    5.57e+15    5.57e+15    5.57e+15 
 398    SA   2.89e+12    2.89e+13    2.89e+14    2.89e+15    5.58e+15    5.58e+15    5.58e+15 
 399    SA   2.89e+12    2.89e+13    2.89e+14    2.89e+15    5.60e+15    5.60e+15    5.60e+15 
 400    SA   2.89e+12    2.89e+13    2.89e+14    2.89e+15    5.61e+15    5.61e+15    5.61e+15 
 401    SA   2.89e+12    2.89e+13    2.89e+14    2.89e+15    5.63e+15    5.63e+15    5.63e+15 
 402    SA   2.89e+12    2.89e+13    2.89e+14    2.89e+15    5.64e+15    5.64e+15    5.64e+15 
 403    SA   2.89e+12    2.89e+13    2.89e+14    2.89e+15    5.65e+15    5.65e+15    5.65e+15 
 404    SA   2.89e+12    2.89e+13    2.89e+14    2.89e+15    5.67e+15    5.67e+15    5.67e+15 
 405    SA   2.89e+12    2.89e+13    2.89e+14    2.89e+15    5.68e+15    5.68e+15    5.68e+15 
 406    SA   2.89e+12    2.89e+13    2.89e+14    2.89e+15    5.70e+15    5.70e+15    5.70e+15 
 407    SA   2.89e+12    2.89e+13    2.89e+14    2.89e+15    5.71e+15    5.71e+15    5.71e+15 
 408    SA   2.89e+12    2.89e+13    2.89e+14    2.89e+15    5.72e+15    5.72e+15    5.72e+15 
 409    SA   2.89e+12    2.89e+13    2.89e+14    2.89e+15    5.74e+15    5.74e+15    5.74e+15 
 410    SA   2.89e+12    2.89e+13    2.89e+14    2.89e+15    5.75e+15    5.75e+15    5.75e+15 
 411    SA   2.89e+12    2.89e+13    2.89e+14    2.89e+15    5.76e+15    5.76e+15    5.76e+15 
 412    SA   2.89e+12    2.89e+13    2.89e+14    2.89e+15    5.78e+15    5.78e+15    5.78e+15 
 413    SA   2.89e+12    2.89e+13    2.89e+14    2.89e+15    5.79e+15    5.79e+15    5.79e+15 
 414    SA   2.89e+12    2.89e+13    2.89e+14    2.89e+15    5.81e+15    5.81e+15    5.81e+15 
 415    SA   2.89e+12    2.89e+13    2.89e+14    2.89e+15    5.82e+15    5.82e+15    5.82e+15 
 416    SA   2.89e+12    2.89e+13    2.89e+14    2.89e+15    5.83e+15    5.83e+15    5.83e+15 
 417    SA   2.89e+12    2.89e+13    2.89e+14    2.89e+15    5.85e+15*   5.85e+15*   5.85e+15*
 418    SA   2.89e+12    2.89e+13    2.89e+14    2.89e+15    5.86e+15    5.86e+15    5.86e+15 
 419    SA   2.89e+12    2.89e+13    2.89e+14    2.89e+15    5.88e+15    5.88e+15    5.88e+15 
 420    SA   2.89e+12    2.89e+13    2.89e+14    2.89e+15    5.89e+15    5.89e+15    5.89e+15 
 421    SA   2.89e+12    2.89e+13    2.89e+14    2.89e+15    5.90e+15    5.90e+15    5.90e+15 
 422    SA   2.89e+12    2.89e+13    2.89e+14    2.89e+15    5.92e+15    5.92e+15    5.92e+15 
 423    SA   2.89e+12    2.89e+13    2.89e+14    2.89e+15    5.93e+15    5.93e+15    5.93e+15 
 424    SA   2.89e+12    2.89e+13    2.89e+14    2.89e+15    5.95e+15    5.95e+15    5.95e+15 
 425    SA   2.89e+12    2.89e+13    2.89e+14    2.89e+15    5.96e+15    5.96e+15    5.96e+15 
 426    SA   2.89e+12    2.89e+13    2.89e+14    2.89e+15    5.97e+15    5.97e+15    5.97e+15 
 427    SA   2.89e+12    2.89e+13    2.89e+14    2.89e+15    5.99e+15    5.99e+15    5.99e+15 
 428    SA   2.89e+12    2.89e+13    2.89e+14    2.89e+15    6.00e+15    6.00e+15    6.00e+15 
 429    SA   2.89e+12    2.89e+13    2.89e+14    2.89e+15    6.02e+15    6.02e+15    6.02e+15 
 430    SA   2.89e+12    2.89e+13    2.89e+14    2.89e+15    6.03e+15    6.03e+15    6.03e+15 
 431    SA   2.89e+12    2.89e+13    2.89e+14    2.89e+15    6.04e+15    6.04e+15    6.04e+15 
 432    SA   2.89e+12    2.89e+13    2.89e+14    2.89e+15    6.06e+15    6.06e+15    6.06e+15 
 433    SA   2.89e+12    2.89e+13    2.89e+14    2.89e+15    6.07e+15    6.07e+15    6.07e+15 
 434    SA   2.89e+12    2.89e+13    2.89e+14    2.89e+15    6.09e+15    6.09e+15    6.09e+15 
 435    SA   2.89e+12    2.89e+13    2.89e+14    2.89e+15    6.10e+15    6.10e+15    6.10e+15 
 436    SA   2.89e+12    2.89e+13    2.89e+14    2.89e+15    6.11e+15    6.11e+15    6.11e+15 
 437    SA   2.89e+12    2.89e+13    2.89e+14    2.89e+15    6.13e+15    6.13e+15    6.13e+15 
 438    SA   2.89e+12    2.89e+13    2.89e+14    2.89e+15    6.14e+15    6.14e+15    6.14e+15 
 439    SA   2.89e+12    2.89e+13    2.89e+14    2.89e+15    6.16e+15    6.16e+15    6.16e+15 
 440    SA   2.89e+12    2.89e+13    2.89e+14    2.89e+15    6.17e+15    6.17e+15    6.17e+15 
 441    SA   2.89e+12    2.89e+13    2.89e+14    2.89e+15    6.18e+15    6.18e+15    6.18e+15 
 442    SA   2.89e+12    2.89e+13    2.89e+14    2.89e+15    6.20e+15    6.20e+15    6.20e+15 
 443    SA   2.89e+12    2.89e+13    2.89e+14    2.89e+15    6.21e+15    6.21e+15    6.21e+15 
 444    SA   2.89e+12    2.89e+13    2.89e+14    2.89e+15    6.23e+15    6.23e+15    6.23e+15 
 445    SA   2.89e+12    2.89e+13    2.89e+14    2.89e+15    6.24e+15    6.24e+15    6.24e+15 
 446    SA   2.89e+12    2.89e+13    2.89e+14    2.89e+15    6.25e+15    6.25e+15    6.25e+15 
 447    SA   2.89e+12    2.89e+13    2.89e+14    2.89e+15    6.27e+15    6.27e+15    6.27e+15 
 448    SA   2.89e+12    2.89e+13    2.89e+14    2.89e+15    6.28e+15    6.28e+15    6.28e+15 
 449    SA   2.89e+12    2.89e+13    2.89e+14    2.89e+15    6.30e+15    6.30e+15    6.30e+15 
 450    SA   2.89e+12    2.89e+13    2.89e+14    2.89e+15    6.31e+15    6.31e+15    6.31e+15 
 451    SA   2.89e+12    2.89e+13    2.89e+14    2.89e+15    6.32e+15    6.32e+15    6.32e+15 
 452    SA   2.89e+12    2.89e+13    2.89e+14    2.89e+15    6.34e+15    6.34e+15    6.34e+15 
 453    SA   2.89e+12    2.89e+13    2.89e+14    2.89e+15    6.35e+15    6.35e+15    6.35e+15 
 454    SA   2.89e+12    2.89e+13    2.89e+14    2.89e+15    6.37e+15    6.37e+15    6.37e+15 
 455    SA   2.89e+12    2.89e+13    2.89e+14    2.89e+15    6.38e+15    6.38e+15    6.38e+15 
 456    SA   2.89e+12    2.89e+13    2.89e+14    2.89e+15    6.39e+15    6.39e+15    6.39e+15 
 457    SA   2.89e+12    2.89e+13    2.89e+14    2.89e+15    6.41e+15    6.41e+15    6.41e+15 
 458    SA   2.89e+12    2.89e+13    2.89e+14    2.89e+15    6.42e+15    6.42e+15    6.42e+15 
 459    SA   2.89e+12    2.89e+13    2.89e+14    2.89e+15    6.44e+15    6.44e+15    6.44e+15 
 460    SA   2.89e+12    2.89e+13    2.89e+14    2.89e+15    6.45e+15    6.45e+15    6.45e+15 
 461    SA   2.89e+12    2.89e+13    2.89e+14    2.89e+15    6.46e+15    6.46e+15    6.46e+15 

  (thermal-bound columns are flat in n at ~P_max*A/E_bit; the raw-BW knee in n
   reappears only once the budget releases the constraint -> the 'unlim' column.)
